Recording	Participant	Gender	Group	TOI	Interval	Media	AOI	Number_of_Events.Logged_live_Event	Number_of_Events.Calibration1_fix_offset	Number_of_Events.Calibration1_offset	Number_of_Events.Calibration1_onset	Number_of_Events.Calibration2_fix_offset	Number_of_Events.Calibration2_offset	Number_of_Events.Calibration2_onset	Number_of_Events.Chatting_fix_offset	Number_of_Events.Chatting_offset	Number_of_Events.Chatting_onset	Number_of_Events.Clicking_fix_offset	Number_of_Events.Clicking_offset	Number_of_Events.Clicking_onset	Number_of_Events.Drawing_fix_offset	Number_of_Events.Drawing_offset	Number_of_Events.Drawing_onset	Number_of_Events.Drumming_fix_offset	Number_of_Events.Drumming_offset	Number_of_Events.Drumming_onset	Number_of_Events.Head_fix_offset	Number_of_Events.Head_offset	Number_of_Events.Head_onset	Number_of_Events.Heckling_fix_offset	Number_of_Events.Heckling_offset	Number_of_Events.Heckling_onset	Number_of_Events.Lesson_end	Number_of_Events.Lesson_start	Number_of_Events.Letter_search_fix_offset	Number_of_Events.Letter_search_offset	Number_of_Events.Letter_search_onset	Number_of_Events.Phone_fix_offset	Number_of_Events.Phone_offset	Number_of_Events.Phone_onset	Number_of_Events.Reaction_chatting	Number_of_Events.Reaction_clicking	Number_of_Events.Reaction_drawing	Number_of_Events.Reaction_drumming	Number_of_Events.Reaction_head	Number_of_Events.Reaction_heckling	Number_of_Events.Reaction_phone	Number_of_Events.Reaction_snipping	Number_of_Events.Reaction_whispering	Number_of_Events.Snipping_fix_offset	Number_of_Events.Snipping_offset	Number_of_Events.Snipping_onset	Number_of_Events.Whispering_fix_offset	Number_of_Events.Whispering_offset	Number_of_Events.Whispering_onset	Time_to_first_Event.Logged_live_Event	Time_to_first_Event.Calibration1_fix_offset	Time_to_first_Event.Calibration1_offset	Time_to_first_Event.Calibration1_onset	Time_to_first_Event.Calibration2_fix_offset	Time_to_first_Event.Calibration2_offset	Time_to_first_Event.Calibration2_onset	Time_to_first_Event.Chatting_fix_offset	Time_to_first_Event.Chatting_offset	Time_to_first_Event.Chatting_onset	Time_to_first_Event.Clicking_fix_offset	Time_to_first_Event.Clicking_offset	Time_to_first_Event.Clicking_onset	Time_to_first_Event.Drawing_fix_offset	Time_to_first_Event.Drawing_offset	Time_to_first_Event.Drawing_onset	Time_to_first_Event.Drumming_fix_offset	Time_to_first_Event.Drumming_offset	Time_to_first_Event.Drumming_onset	Time_to_first_Event.Head_fix_offset	Time_to_first_Event.Head_offset	Time_to_first_Event.Head_onset	Time_to_first_Event.Heckling_fix_offset	Time_to_first_Event.Heckling_offset	Time_to_first_Event.Heckling_onset	Time_to_first_Event.Lesson_end	Time_to_first_Event.Lesson_start	Time_to_first_Event.Letter_search_fix_offset	Time_to_first_Event.Letter_search_offset	Time_to_first_Event.Letter_search_onset	Time_to_first_Event.Phone_fix_offset	Time_to_first_Event.Phone_offset	Time_to_first_Event.Phone_onset	Time_to_first_Event.Reaction_chatting	Time_to_first_Event.Reaction_clicking	Time_to_first_Event.Reaction_drawing	Time_to_first_Event.Reaction_drumming	Time_to_first_Event.Reaction_head	Time_to_first_Event.Reaction_heckling	Time_to_first_Event.Reaction_phone	Time_to_first_Event.Reaction_snipping	Time_to_first_Event.Reaction_whispering	Time_to_first_Event.Snipping_fix_offset	Time_to_first_Event.Snipping_offset	Time_to_first_Event.Snipping_onset	Time_to_first_Event.Whispering_fix_offset	Time_to_first_Event.Whispering_offset	Time_to_first_Event.Whispering_onset	Total_duration_of_fixations	Average_duration_of_fixations	Minimum_duration_of_fixations	Maximum_duration_of_fixations	Number_of_fixations	Time_to_first_fixation	Duration_of_first_fixation	Last_AOI_viewed	AOI_at_interval_end	Total_duration_of_whole_fixations	Average_duration_of_whole_fixations	Minimum_duration_of_whole_fixations	Maximum_duration_of_whole_fixations	Number_of_whole_fixations	Time_to_first_whole_fixation	Duration_of_first_whole_fixation	Total_duration_of_Visit	Average_duration_of_Visit	Minimum_duration_of_Visit	Maximum_duration_of_Visit	Number_of_Visits	Time_to_first_Visit	Duration_of_first_Visit	Total_duration_of_Glances	Average_duration_of_Glances	Minimum_duration_of_Glances	Maximum_duration_of_Glances	Number_of_Glances	Time_to_first_Glance	Duration_of_first_Glance	Number_of_saccades_in_AOI	Time_to_entry_saccade	Time_to_exit_saccade	Peak_velocity_of_entry_saccade	Peak_velocity_of_exit_saccade
Recording062	ProVisioNET_study_108_08	Female	Novice	Calibration_phase1_fix	1	fullstream	Anna	0	0	1	1	0	0	0	0	0	0	0	0	0	0	0	0	0	0	0	0	0	0	0	0	0	0	1	0	0	0	0	0	0	0	0	0	0	0	0	0	0	0	0	0	0	0	0	0			23676	0																							25355																						140	140	140	140	1	26495	140	Classroom_Others		0				0			140	140	140	140	1	26495	140	160	160	160	160	1	26475	160	0	26475	26635	212,34	185,77
Recording062	ProVisioNET_study_108_08	Female	Novice	Calibration_phase1_fix	1	fullstream	Bianca	0	0	1	1	0	0	0	0	0	0	0	0	0	0	0	0	0	0	0	0	0	0	0	0	0	0	1	0	0	0	0	0	0	0	0	0	0	0	0	0	0	0	0	0	0	0	0	0			23676	0																							25355																						380	380	380	380	1	27035	380	Classroom_Others		0				0			380	380	380	380	1	27035	380	420	420	420	420	1	26995	420	0	26995	27415	168,45	463,73
Recording062	ProVisioNET_study_108_08	Female	Novice	Calibration_phase1_fix	1	fullstream	Carl(a)	0	0	1	1	0	0	0	0	0	0	0	0	0	0	0	0	0	0	0	0	0	0	0	0	0	0	1	0	0	0	0	0	0	0	0	0	0	0	0	0	0	0	0	0	0	0	0	0			23676	0																							25355																						0				0			Classroom_Others		0				0			0				0			0				0			0				
Recording062	ProVisioNET_study_108_08	Female	Novice	Calibration_phase1_fix	1	fullstream	Classroom_Others	0	0	1	1	0	0	0	0	0	0	0	0	0	0	0	0	0	0	0	0	0	0	0	0	0	0	1	0	0	0	0	0	0	0	0	0	0	0	0	0	0	0	0	0	0	0	0	0			23676	0																							25355																						1979	198	80	400	10	25736	400	Classroom_Others		0				0			3265	816	320	1139	4	25736	720	3385	846	360	1159	4	25696	760	5	25696	26995	196,08	168,45
Recording062	ProVisioNET_study_108_08	Female	Novice	Chatting_with_neighbour	1	fullstream	Anna	0	0	0	0	0	0	0	0	0	1	0	0	0	0	0	0	0	0	0	0	0	0	0	0	0	0	0	0	0	0	0	0	0	1	0	0	0	0	0	0	0	0	0	0	0	0	0	0										0																								5239															1499	250	80	600	6	2379	80	Carl(a),Disruptive_Person	Carl(a),Disruptive_Person	0				0			1879	939	460	1419	2	2379	1419	1959	979	480	1479	2	2319	1479	0		4757		226,83
Recording062	ProVisioNET_study_108_08	Female	Novice	Chatting_with_neighbour	1	fullstream	Bianca	0	0	0	0	0	0	0	0	0	1	0	0	0	0	0	0	0	0	0	0	0	0	0	0	0	0	0	0	0	0	0	0	0	1	0	0	0	0	0	0	0	0	0	0	0	0	0	0										0																								5239															60	60	60	60	1	0	60	Carl(a),Disruptive_Person	Carl(a),Disruptive_Person	0				0			60	60	60	60	1	0	60	60	60	60	60	1	0	60	0				
Recording062	ProVisioNET_study_108_08	Female	Novice	Chatting_with_neighbour	1	fullstream	Carl(a)	0	0	0	0	0	0	0	0	0	1	0	0	0	0	0	0	0	0	0	0	0	0	0	0	0	0	0	0	0	0	0	0	0	1	0	0	0	0	0	0	0	0	0	0	0	0	0	0										0																								5239															2365	394	66	1799	6	280	1799	Carl(a),Disruptive_Person	Carl(a),Disruptive_Person	0				0			2425	808	66	1939	3	280	1939	2525	842	66	1979	3	240	1979	2	240		126,95	
Recording062	ProVisioNET_study_108_08	Female	Novice	Chatting_with_neighbour	1	fullstream	Classroom_Others	0	0	0	0	0	0	0	0	0	1	0	0	0	0	0	0	0	0	0	0	0	0	0	0	0	0	0	0	0	0	0	0	0	1	0	0	0	0	0	0	0	0	0	0	0	0	0	0										0																								5239															400	133	80	240	3	4777	240	Carl(a),Disruptive_Person	Carl(a),Disruptive_Person	0				0			440	440	440	440	1	4777	440	460	460	460	460	1	4757	460	2	4757		226,83	
Recording062	ProVisioNET_study_108_08	Female	Novice	Chatting_with_neighbour	1	fullstream	Disruptive_Person	0	0	0	0	0	0	0	0	0	1	0	0	0	0	0	0	0	0	0	0	0	0	0	0	0	0	0	0	0	0	0	0	0	1	0	0	0	0	0	0	0	0	0	0	0	0	0	0										0																								5239															2365	394	66	1799	6	280	1799	Carl(a),Disruptive_Person	Carl(a),Disruptive_Person	0				0			2425	808	66	1939	3	280	1939	2525	842	66	1979	3	240	1979	2	240		126,95	
Recording062	ProVisioNET_study_108_08	Female	Novice	Chatting_with_neighbour	1	fullstream	Nametag_Anna	0	0	0	0	0	0	0	0	0	1	0	0	0	0	0	0	0	0	0	0	0	0	0	0	0	0	0	0	0	0	0	0	0	1	0	0	0	0	0	0	0	0	0	0	0	0	0	0										0																								5239															120	120	120	120	1	3858	120	Carl(a),Disruptive_Person	Carl(a),Disruptive_Person	0				0			120	120	120	120	1	3858	120	160	160	160	160	1	3818	160	0				
Recording062	ProVisioNET_study_108_08	Female	Novice	Chatting_with_neighbour_fix	1	fullstream	Anna	0	0	0	0	0	0	0	0	1	1	0	0	0	0	0	0	0	0	0	0	0	0	0	0	0	0	0	0	0	0	0	0	0	1	0	0	0	0	0	0	0	0	0	0	0	0	0	0									6103	0																								5239															14611	696	80	2878	21	2379	80	Classroom_Others	Classroom_Others	0				0			15651	2236	80	4537	7	2379	1419	15951	2279	100	4597	7	2319	1479	4	9414	4757	150,83	226,83
Recording062	ProVisioNET_study_108_08	Female	Novice	Chatting_with_neighbour_fix	1	fullstream	Bianca	0	0	0	0	0	0	0	0	1	1	0	0	0	0	0	0	0	0	0	0	0	0	0	0	0	0	0	0	0	0	0	0	0	1	0	0	0	0	0	0	0	0	0	0	0	0	0	0									6103	0																								5239															1959	653	60	1499	3	0	60	Classroom_Others	Classroom_Others	0				0			1959	653	60	1499	3	0	60	2079	693	60	1579	3	0	60	0	20448	23146	352,61	365,99
Recording062	ProVisioNET_study_108_08	Female	Novice	Chatting_with_neighbour_fix	1	fullstream	Carl(a)	0	0	0	0	0	0	0	0	1	1	0	0	0	0	0	0	0	0	0	0	0	0	0	0	0	0	0	0	0	0	0	0	0	1	0	0	0	0	0	0	0	0	0	0	0	0	0	0									6103	0																								5239															4098	410	100	1799	10	280	1799	Classroom_Others	Classroom_Others	0				0			4218	1054	420	1939	4	280	1939	4317	1079	440	1979	4	240	1979	4	240		126,95	
Recording062	ProVisioNET_study_108_08	Female	Novice	Chatting_with_neighbour_fix	1	fullstream	Classroom_Others	0	0	0	0	0	0	0	0	1	1	0	0	0	0	0	0	0	0	0	0	0	0	0	0	0	0	0	0	0	0	0	0	0	1	0	0	0	0	0	0	0	0	0	0	0	0	0	0									6103	0																								5239															2356	262	58	1259	9	4777	240	Classroom_Others	Classroom_Others	0				0			2656	664	80	1559	4	4777	440	2856	714	140	1619	4	4757	460	3	4757	20448	226,83	352,61
Recording062	ProVisioNET_study_108_08	Female	Novice	Chatting_with_neighbour_fix	1	fullstream	Disruptive_Person	0	0	0	0	0	0	0	0	1	1	0	0	0	0	0	0	0	0	0	0	0	0	0	0	0	0	0	0	0	0	0	0	0	1	0	0	0	0	0	0	0	0	0	0	0	0	0	0									6103	0																								5239															2678	383	100	1799	7	280	1799	Classroom_Others	Classroom_Others	0				0			2758	919	400	1939	3	280	1939	2858	953	400	1979	3	240	1979	3	240		126,95	
Recording062	ProVisioNET_study_108_08	Female	Novice	Chatting_with_neighbour_fix	1	fullstream	Material_Teacher	0	0	0	0	0	0	0	0	1	1	0	0	0	0	0	0	0	0	0	0	0	0	0	0	0	0	0	0	0	0	0	0	0	1	0	0	0	0	0	0	0	0	0	0	0	0	0	0									6103	0																								5239															2299	575	120	1879	4	17470	180	Classroom_Others	Classroom_Others	0				0			2459	2459	2459	2459	1	17470	2459	2479	2479	2479	2479	1	17450	2479	1	17450		159,53	
Recording062	ProVisioNET_study_108_08	Female	Novice	Chatting_with_neighbour_fix	1	fullstream	Nametag_Anna	0	0	0	0	0	0	0	0	1	1	0	0	0	0	0	0	0	0	0	0	0	0	0	0	0	0	0	0	0	0	0	0	0	1	0	0	0	0	0	0	0	0	0	0	0	0	0	0									6103	0																								5239															120	120	120	120	1	3858	120	Classroom_Others	Classroom_Others	0				0			120	120	120	120	1	3858	120	160	160	160	160	1	3818	160	0				
Recording062	ProVisioNET_study_108_08	Female	Novice	Clicking_pen	1	fullstream	Anna	0	0	0	0	0	0	0	0	0	0	0	0	1	0	0	0	0	0	0	0	0	0	0	0	0	0	0	0	0	0	0	0	0	0	1	0	0	0	0	0	0	0	0	0	0	0	0	0													0																						10354														4036	269	80	520	15	0	378	Carl(a),Disruptive_Person	Carl(a),Disruptive_Person	0				0			5196	742	80	1799	7	0	1278	5355	765	80	1859	7	0	1278	0	1837	1278	119,08	183,37
Recording062	ProVisioNET_study_108_08	Female	Novice	Clicking_pen	1	fullstream	Bianca	0	0	0	0	0	0	0	0	0	0	0	0	1	0	0	0	0	0	0	0	0	0	0	0	0	0	0	0	0	0	0	0	0	0	1	0	0	0	0	0	0	0	0	0	0	0	0	0													0																						10354														0				0			Carl(a),Disruptive_Person	Carl(a),Disruptive_Person	0				0			0				0			0				0			0				
Recording062	ProVisioNET_study_108_08	Female	Novice	Clicking_pen	1	fullstream	Carl(a)	0	0	0	0	0	0	0	0	0	0	0	0	1	0	0	0	0	0	0	0	0	0	0	0	0	0	0	0	0	0	0	0	0	0	1	0	0	0	0	0	0	0	0	0	0	0	0	0													0																						10354														668	334	288	380	2	9753	380	Carl(a),Disruptive_Person	Carl(a),Disruptive_Person	0				0			668	334	288	380	2	9753	380	748	374	368	380	2	9753	380	0		10133		357,6
Recording062	ProVisioNET_study_108_08	Female	Novice	Clicking_pen	1	fullstream	Classroom_Others	0	0	0	0	0	0	0	0	0	0	0	0	1	0	0	0	0	0	0	0	0	0	0	0	0	0	0	0	0	0	0	0	0	0	1	0	0	0	0	0	0	0	0	0	0	0	0	0													0																						10354														1239	138	80	440	9	1398	440	Carl(a),Disruptive_Person	Carl(a),Disruptive_Person	0				0			1439	206	80	440	7	1398	440	1759	251	100	460	7	1378	460	1	1378	1837	119,24	119,08
Recording062	ProVisioNET_study_108_08	Female	Novice	Clicking_pen	1	fullstream	Disruptive_Person	0	0	0	0	0	0	0	0	0	0	0	0	1	0	0	0	0	0	0	0	0	0	0	0	0	0	0	0	0	0	0	0	0	0	1	0	0	0	0	0	0	0	0	0	0	0	0	0													0																						10354														1268	317	100	500	4	9753	380	Carl(a),Disruptive_Person	Carl(a),Disruptive_Person	0				0			1527	1527	1527	1527	1	9753	1527	1527	1527	1527	1527	1	9753	1527	1				
Recording062	ProVisioNET_study_108_08	Female	Novice	Clicking_pen	1	fullstream	Material_Students	0	0	0	0	0	0	0	0	0	0	0	0	1	0	0	0	0	0	0	0	0	0	0	0	0	0	0	0	0	0	0	0	0	0	1	0	0	0	0	0	0	0	0	0	0	0	0	0													0																						10354														600	300	100	500	2	10193	100	Carl(a),Disruptive_Person	Carl(a),Disruptive_Person	0				0			620	620	620	620	1	10193	620	680	680	680	680	1	10133	680	0	10133		357,6	
Recording062	ProVisioNET_study_108_08	Female	Novice	Clicking_pen_fix	1	fullstream	Anna	0	0	0	0	0	0	0	0	0	0	0	1	1	0	0	0	0	0	0	0	0	0	0	0	0	0	0	0	0	0	0	0	0	0	1	0	0	0	0	0	0	0	0	0	0	0	0	0												11280	0																						10354														13350	371	80	1359	36	0	378	Anna	Anna	0				0			15968	998	80	3157	16	0	1278	16348	1022	80	3177	16	0	1278	0	1837	1278	119,08	183,37
Recording062	ProVisioNET_study_108_08	Female	Novice	Clicking_pen_fix	1	fullstream	Bianca	0	0	0	0	0	0	0	0	0	0	0	1	1	0	0	0	0	0	0	0	0	0	0	0	0	0	0	0	0	0	0	0	0	0	1	0	0	0	0	0	0	0	0	0	0	0	0	0												11280	0																						10354														0				0			Anna	Anna	0				0			0				0			0				0			0				
Recording062	ProVisioNET_study_108_08	Female	Novice	Clicking_pen_fix	1	fullstream	Carl(a)	0	0	0	0	0	0	0	0	0	0	0	1	1	0	0	0	0	0	0	0	0	0	0	0	0	0	0	0	0	0	0	0	0	0	1	0	0	0	0	0	0	0	0	0	0	0	0	0												11280	0																						10354														3838	480	80	800	8	9753	380	Anna	Anna	0				0			4038	1346	380	2019	3	9753	380	4198	1399	380	2099	3	9753	380	1		10133		357,6
Recording062	ProVisioNET_study_108_08	Female	Novice	Clicking_pen_fix	1	fullstream	Classroom_Others	0	0	0	0	0	0	0	0	0	0	0	1	1	0	0	0	0	0	0	0	0	0	0	0	0	0	0	0	0	0	0	0	0	0	1	0	0	0	0	0	0	0	0	0	0	0	0	0												11280	0																						10354														2479	155	80	440	16	1398	440	Anna	Anna	0				0			3078	237	80	780	13	1398	440	3598	277	100	780	13	1378	460	1	1378	1837	119,24	119,08
Recording062	ProVisioNET_study_108_08	Female	Novice	Clicking_pen_fix	1	fullstream	Disruptive_Person	0	0	0	0	0	0	0	0	0	0	0	1	1	0	0	0	0	0	0	0	0	0	0	0	0	0	0	0	0	0	0	0	0	0	1	0	0	0	0	0	0	0	0	0	0	0	0	0												11280	0																						10354														1779	445	100	800	4	9753	380	Anna	Anna	0				0			2039	2039	2039	2039	1	9753	2039	2039	2039	2039	2039	1	9753	2039	1				
Recording062	ProVisioNET_study_108_08	Female	Novice	Clicking_pen_fix	1	fullstream	Material_Students	0	0	0	0	0	0	0	0	0	0	0	1	1	0	0	0	0	0	0	0	0	0	0	0	0	0	0	0	0	0	0	0	0	0	1	0	0	0	0	0	0	0	0	0	0	0	0	0												11280	0																						10354														680	227	80	500	3	10193	100	Anna	Anna	0				0			700	350	80	620	2	10193	620	760	380	80	680	2	10133	680	0	10133	24164	357,6	126,08
Recording062	ProVisioNET_study_108_08	Female	Novice	Drawing	1	fullstream	Anna	0	0	0	0	0	0	0	0	0	0	0	0	0	0	0	1	0	0	0	0	0	0	0	0	0	0	0	0	0	0	0	0	0	0	0	0	0	0	0	0	0	0	0	0	0	0	0	0																0																																	2935	326	80	680	9	1619	80	Anna	Anna	0				0			3635	606	80	1499	6	1619	1499	3895	649	140	1519	6	1599	1519	1	22167	7036	296,18	215,55
Recording062	ProVisioNET_study_108_08	Female	Novice	Drawing	1	fullstream	Bianca	0	0	0	0	0	0	0	0	0	0	0	0	0	0	0	1	0	0	0	0	0	0	0	0	0	0	0	0	0	0	0	0	0	0	0	0	0	0	0	0	0	0	0	0	0	0	0	0																0																																	1559	390	80	680	4	21507	660	Anna	Anna	0				0			1599	800	660	939	2	21507	660	1719	860	700	1019	2	21468	700	2		22167		296,18
Recording062	ProVisioNET_study_108_08	Female	Novice	Drawing	1	fullstream	Carl(a)	0	0	0	0	0	0	0	0	0	0	0	0	0	0	0	1	0	0	0	0	0	0	0	0	0	0	0	0	0	0	0	0	0	0	0	0	0	0	0	0	0	0	0	0	0	0	0	0																0																																	100	100	100	100	1	15951	100	Anna	Anna	0				0			100	100	100	100	1	15951	100	120	120	120	120	1	15931	120	0				
Recording062	ProVisioNET_study_108_08	Female	Novice	Drawing	1	fullstream	Classroom_Others	0	0	0	0	0	0	0	0	0	0	0	0	0	0	0	1	0	0	0	0	0	0	0	0	0	0	0	0	0	0	0	0	0	0	0	0	0	0	0	0	0	0	0	0	0	0	0	0																0																																	4777	478	80	1479	10	5217	120	Anna	Anna	0				0			5657	1131	80	3538	5	5217	560	5797	1159	80	3578	5	5217	560	2	7036	5777	215,55	251,55
Recording062	ProVisioNET_study_108_08	Female	Novice	Drawing	1	fullstream	Disruptive_Person	0	0	0	0	0	0	0	0	0	0	0	0	0	0	0	1	0	0	0	0	0	0	0	0	0	0	0	0	0	0	0	0	0	0	0	0	0	0	0	0	0	0	0	0	0	0	0	0																0																																	740	247	100	440	3	15951	100	Anna	Anna	0				0			760	380	100	660	2	15951	100	840	420	120	720	2	15931	120	1	26844		410,69	
Recording062	ProVisioNET_study_108_08	Female	Novice	Drawing	1	fullstream	Material_Students	0	0	0	0	0	0	0	0	0	0	0	0	0	0	0	1	0	0	0	0	0	0	0	0	0	0	0	0	0	0	0	0	0	0	0	0	0	0	0	0	0	0	0	0	0	0	0	0																0																																	640	320	200	440	2	26904	200	Anna	Anna	0				0			660	660	660	660	1	26904	660	720	720	720	720	1	26844	720	1	26844		410,69	
Recording062	ProVisioNET_study_108_08	Female	Novice	Drawing	1	fullstream	Material_Teacher	0	0	0	0	0	0	0	0	0	0	0	0	0	0	0	1	0	0	0	0	0	0	0	0	0	0	0	0	0	0	0	0	0	0	0	0	0	0	0	0	0	0	0	0	0	0	0	0																0																																	8855	253	80	680	35	0	320	Anna	Anna	0				0			13572	1939	600	4337	7	0	1399	13852	1979	620	4397	7	0	1399	22	5777	5097	251,55	365,1
Recording062	ProVisioNET_study_108_08	Female	Novice	Drawing_fix	1	fullstream	Anna	0	0	0	0	0	0	0	0	0	0	0	0	0	0	0	1	0	0	0	0	0	0	0	0	0	0	0	0	0	0	0	0	0	0	0	0	0	0	0	0	0	0	0	0	0	0	0	0																0																																	2935	326	80	680	9	1619	80	Anna	Anna	0				0			3635	606	80	1499	6	1619	1499	3895	649	140	1519	6	1599	1519	1	22167	7036	296,18	215,55
Recording062	ProVisioNET_study_108_08	Female	Novice	Drawing_fix	1	fullstream	Bianca	0	0	0	0	0	0	0	0	0	0	0	0	0	0	0	1	0	0	0	0	0	0	0	0	0	0	0	0	0	0	0	0	0	0	0	0	0	0	0	0	0	0	0	0	0	0	0	0																0																																	1559	390	80	680	4	21507	660	Anna	Anna	0				0			1599	800	660	939	2	21507	660	1719	860	700	1019	2	21468	700	2		22167		296,18
Recording062	ProVisioNET_study_108_08	Female	Novice	Drawing_fix	1	fullstream	Carl(a)	0	0	0	0	0	0	0	0	0	0	0	0	0	0	0	1	0	0	0	0	0	0	0	0	0	0	0	0	0	0	0	0	0	0	0	0	0	0	0	0	0	0	0	0	0	0	0	0																0																																	100	100	100	100	1	15951	100	Anna	Anna	0				0			100	100	100	100	1	15951	100	120	120	120	120	1	15931	120	0				
Recording062	ProVisioNET_study_108_08	Female	Novice	Drawing_fix	1	fullstream	Classroom_Others	0	0	0	0	0	0	0	0	0	0	0	0	0	0	0	1	0	0	0	0	0	0	0	0	0	0	0	0	0	0	0	0	0	0	0	0	0	0	0	0	0	0	0	0	0	0	0	0																0																																	4777	478	80	1479	10	5217	120	Anna	Anna	0				0			5657	1131	80	3538	5	5217	560	5797	1159	80	3578	5	5217	560	2	7036	5777	215,55	251,55
Recording062	ProVisioNET_study_108_08	Female	Novice	Drawing_fix	1	fullstream	Disruptive_Person	0	0	0	0	0	0	0	0	0	0	0	0	0	0	0	1	0	0	0	0	0	0	0	0	0	0	0	0	0	0	0	0	0	0	0	0	0	0	0	0	0	0	0	0	0	0	0	0																0																																	740	247	100	440	3	15951	100	Anna	Anna	0				0			760	380	100	660	2	15951	100	840	420	120	720	2	15931	120	1	26844		410,69	
Recording062	ProVisioNET_study_108_08	Female	Novice	Drawing_fix	1	fullstream	Material_Students	0	0	0	0	0	0	0	0	0	0	0	0	0	0	0	1	0	0	0	0	0	0	0	0	0	0	0	0	0	0	0	0	0	0	0	0	0	0	0	0	0	0	0	0	0	0	0	0																0																																	640	320	200	440	2	26904	200	Anna	Anna	0				0			660	660	660	660	1	26904	660	720	720	720	720	1	26844	720	1	26844		410,69	
Recording062	ProVisioNET_study_108_08	Female	Novice	Drawing_fix	1	fullstream	Material_Teacher	0	0	0	0	0	0	0	0	0	0	0	0	0	0	0	1	0	0	0	0	0	0	0	0	0	0	0	0	0	0	0	0	0	0	0	0	0	0	0	0	0	0	0	0	0	0	0	0																0																																	8855	253	80	680	35	0	320	Anna	Anna	0				0			13572	1939	600	4337	7	0	1399	13852	1979	620	4397	7	0	1399	22	5777	5097	251,55	365,1
Recording062	ProVisioNET_study_108_08	Female	Novice	Drumming_with_hands	1	fullstream	Anna	0	0	0	0	0	0	0	0	0	0	0	0	0	0	0	0	0	0	1	0	0	0	0	0	0	0	0	0	0	0	0	0	0	0	0	0	1	0	0	0	0	0	0	0	0	0	0	0																			0																		3555												620	620	620	620	1	1702	620	Bianca,Disruptive_Person	Bianca,Disruptive_Person	0				0			620	620	620	620	1	1702	620	700	700	700	700	1	1622	700	0		2321		430,06
Recording062	ProVisioNET_study_108_08	Female	Novice	Drumming_with_hands	1	fullstream	Bianca	0	0	0	0	0	0	0	0	0	0	0	0	0	0	0	0	0	0	1	0	0	0	0	0	0	0	0	0	0	0	0	0	0	0	0	0	1	0	0	0	0	0	0	0	0	0	0	0																			0																		3555												1811	362	120	1051	5	982	120	Bianca,Disruptive_Person	Bianca,Disruptive_Person	0				0			1871	624	220	1051	3	982	600	2011	670	280	1091	3	942	640	2	2321	2601	430,06	554,27
Recording062	ProVisioNET_study_108_08	Female	Novice	Drumming_with_hands	1	fullstream	Carl(a)	0	0	0	0	0	0	0	0	0	0	0	0	0	0	0	0	0	0	1	0	0	0	0	0	0	0	0	0	0	0	0	0	0	0	0	0	1	0	0	0	0	0	0	0	0	0	0	0																			0																		3555												0				0			Bianca,Disruptive_Person	Bianca,Disruptive_Person	0				0			0				0			0				0			0				
Recording062	ProVisioNET_study_108_08	Female	Novice	Drumming_with_hands	1	fullstream	Classroom_Others	0	0	0	0	0	0	0	0	0	0	0	0	0	0	0	0	0	0	1	0	0	0	0	0	0	0	0	0	0	0	0	0	0	0	0	0	1	0	0	0	0	0	0	0	0	0	0	0																			0																		3555												442	111	23	220	4	0	23	Bianca,Disruptive_Person	Bianca,Disruptive_Person	0				0			522	174	23	280	3	0	23	642	214	23	360	3	0	23	0	2601	2961	554,27	141,5
Recording062	ProVisioNET_study_108_08	Female	Novice	Drumming_with_hands	1	fullstream	Disruptive_Person	0	0	0	0	0	0	0	0	0	0	0	0	0	0	0	0	0	0	1	0	0	0	0	0	0	0	0	0	0	0	0	0	0	0	0	0	1	0	0	0	0	0	0	0	0	0	0	0																			0																		3555												1811	362	120	1051	5	982	120	Bianca,Disruptive_Person	Bianca,Disruptive_Person	0				0			1871	624	220	1051	3	982	600	2011	670	280	1091	3	942	640	2	2321	2601	430,06	554,27
Recording062	ProVisioNET_study_108_08	Female	Novice	Drumming_with_hands	1	fullstream	Material_Teacher	0	0	0	0	0	0	0	0	0	0	0	0	0	0	0	0	0	0	1	0	0	0	0	0	0	0	0	0	0	0	0	0	0	0	0	0	1	0	0	0	0	0	0	0	0	0	0	0																			0																		3555												760	380	160	600	2	43	600	Bianca,Disruptive_Person	Bianca,Disruptive_Person	0				0			760	380	160	600	2	43	600	760	380	160	600	2	43	600	0				
Recording062	ProVisioNET_study_108_08	Female	Novice	Drumming_with_hands	1	fullstream	Nametag_Bianca	0	0	0	0	0	0	0	0	0	0	0	0	0	0	0	0	0	0	1	0	0	0	0	0	0	0	0	0	0	0	0	0	0	0	0	0	1	0	0	0	0	0	0	0	0	0	0	0																			0																		3555												80	80	80	80	1	2981	80	Bianca,Disruptive_Person	Bianca,Disruptive_Person	0				0			80	80	80	80	1	2981	80	100	100	100	100	1	2961	100	0	2961		141,5	
Recording062	ProVisioNET_study_108_08	Female	Novice	Drumming_with_hands_fix	1	fullstream	Anna	0	0	0	0	0	0	0	0	0	0	0	0	0	0	0	0	0	1	1	0	0	0	0	0	0	0	0	0	0	0	0	0	0	0	0	0	1	0	0	0	0	0	0	0	0	0	0	0																		5352	0																		3555												1899	633	580	700	3	1702	620	Material_Teacher		0				0			1899	633	580	700	3	1702	620	2059	686	640	720	3	1622	700	0	26847	2321	499,58	430,06
Recording062	ProVisioNET_study_108_08	Female	Novice	Drumming_with_hands_fix	1	fullstream	Bianca	0	0	0	0	0	0	0	0	0	0	0	0	0	0	0	0	0	1	1	0	0	0	0	0	0	0	0	0	0	0	0	0	0	0	0	0	1	0	0	0	0	0	0	0	0	0	0	0																		5352	0																		3555												4138	517	120	2119	8	982	120	Material_Teacher		0				0			4198	700	220	2119	6	982	600	4557	760	280	2159	6	942	640	2	2321	2601	430,06	554,27
Recording062	ProVisioNET_study_108_08	Female	Novice	Drumming_with_hands_fix	1	fullstream	Carl(a)	0	0	0	0	0	0	0	0	0	0	0	0	0	0	0	0	0	1	1	0	0	0	0	0	0	0	0	0	0	0	0	0	0	0	0	0	1	0	0	0	0	0	0	0	0	0	0	0																		5352	0																		3555												380	127	80	200	3	26147	200	Material_Teacher		0				0			380	127	80	200	3	26147	200	500	167	100	260	3	26087	260	0	26087	26347	537,88	527,61
Recording062	ProVisioNET_study_108_08	Female	Novice	Drumming_with_hands_fix	1	fullstream	Classroom_Others	0	0	0	0	0	0	0	0	0	0	0	0	0	0	0	0	0	1	1	0	0	0	0	0	0	0	0	0	0	0	0	0	0	0	0	0	1	0	0	0	0	0	0	0	0	0	0	0																		5352	0																		3555												5060	316	23	1119	16	0	23	Material_Teacher		0				0			5839	973	23	4078	6	0	23	5979	997	23	4078	6	0	23	4	2601	2961	554,27	141,5
Recording062	ProVisioNET_study_108_08	Female	Novice	Drumming_with_hands_fix	1	fullstream	Disruptive_Person	0	0	0	0	0	0	0	0	0	0	0	0	0	0	0	0	0	1	1	0	0	0	0	0	0	0	0	0	0	0	0	0	0	0	0	0	1	0	0	0	0	0	0	0	0	0	0	0																		5352	0																		3555												2878	576	120	2119	5	982	120	Material_Teacher		0				0			2938	979	220	2119	3	982	600	3078	1026	280	2159	3	942	640	2	2321	2601	430,06	554,27
Recording062	ProVisioNET_study_108_08	Female	Novice	Drumming_with_hands_fix	1	fullstream	Material_Teacher	0	0	0	0	0	0	0	0	0	0	0	0	0	0	0	0	0	1	1	0	0	0	0	0	0	0	0	0	0	0	0	0	0	0	0	0	1	0	0	0	0	0	0	0	0	0	0	0																		5352	0																		3555												12932	462	60	1879	28	43	600	Material_Teacher		0				0			14646	2092	160	5137	7	43	600	14846	2121	160	5177	7	43	600	15	11016	13515	198,09	131,77
Recording062	ProVisioNET_study_108_08	Female	Novice	Drumming_with_hands_fix	1	fullstream	Nametag_Bianca	0	0	0	0	0	0	0	0	0	0	0	0	0	0	0	0	0	1	1	0	0	0	0	0	0	0	0	0	0	0	0	0	0	0	0	0	1	0	0	0	0	0	0	0	0	0	0	0																		5352	0																		3555												80	80	80	80	1	2981	80	Material_Teacher		0				0			80	80	80	80	1	2981	80	100	100	100	100	1	2961	100	0	2961		141,5	
Recording062	ProVisioNET_study_108_08	Female	Novice	Head_on_table	1	fullstream	Anna	0	0	0	0	0	0	0	0	0	0	0	0	0	0	0	0	0	0	0	0	0	1	0	0	0	0	0	0	0	0	0	0	0	0	0	0	0	1	0	0	0	0	0	0	0	0	0	0																						0																2757											2285	326	26	959	7	1676	80	Anna	Anna	0				0			2705	902	186	1979	3	1676	540	2785	928	206	2019	3	1656	560	0	4634	2216	123,34	443,36
Recording062	ProVisioNET_study_108_08	Female	Novice	Head_on_table	1	fullstream	Bianca	0	0	0	0	0	0	0	0	0	0	0	0	0	0	0	0	0	0	0	0	0	1	0	0	0	0	0	0	0	0	0	0	0	0	0	0	0	1	0	0	0	0	0	0	0	0	0	0																						0																2757											0				0			Anna	Anna	0				0			0				0			0				0			0				
Recording062	ProVisioNET_study_108_08	Female	Novice	Head_on_table	1	fullstream	Carl(a)	0	0	0	0	0	0	0	0	0	0	0	0	0	0	0	0	0	0	0	0	0	1	0	0	0	0	0	0	0	0	0	0	0	0	0	0	0	1	0	0	0	0	0	0	0	0	0	0																						0																2757											0				0			Anna	Anna	0				0			0				0			0				0			0				
Recording062	ProVisioNET_study_108_08	Female	Novice	Head_on_table	1	fullstream	Disruptive_Person	0	0	0	0	0	0	0	0	0	0	0	0	0	0	0	0	0	0	0	0	0	1	0	0	0	0	0	0	0	0	0	0	0	0	0	0	0	1	0	0	0	0	0	0	0	0	0	0																						0																2757											2139	428	80	959	5	1676	80	Anna	Anna	0				0			2519	1259	540	1979	2	1676	540	2578	1289	560	2019	2	1656	560	0		2216		443,36
Recording062	ProVisioNET_study_108_08	Female	Novice	Head_on_table	1	fullstream	Material_Teacher	0	0	0	0	0	0	0	0	0	0	0	0	0	0	0	0	0	0	0	0	0	1	0	0	0	0	0	0	0	0	0	0	0	0	0	0	0	1	0	0	0	0	0	0	0	0	0	0																						0																2757											1356	1356	1356	1356	1	0	1356	Anna	Anna	0				0			1356	1356	1356	1356	1	0	1356	1356	1356	1356	1356	1	0	1356	0				
Recording062	ProVisioNET_study_108_08	Female	Novice	Head_on_table	1	fullstream	Nametag_Anna	0	0	0	0	0	0	0	0	0	0	0	0	0	0	0	0	0	0	0	0	0	1	0	0	0	0	0	0	0	0	0	0	0	0	0	0	0	1	0	0	0	0	0	0	0	0	0	0																						0																2757											220	220	220	220	1	2276	220	Anna	Anna	0				0			220	220	220	220	1	2276	220	280	280	280	280	1	2216	280	0	2216		443,36	
Recording062	ProVisioNET_study_108_08	Female	Novice	Head_on_table_fix	1	fullstream	Anna	0	0	0	0	0	0	0	0	0	0	0	0	0	0	0	0	0	0	0	0	1	1	0	0	0	0	0	0	0	0	0	0	0	0	0	0	0	1	0	0	0	0	0	0	0	0	0	0																					4840	0																2757											8036	618	80	2119	13	1676	80	Anna	Anna	0				0			8676	1735	320	3978	5	1676	540	8815	1763	340	3998	5	1656	560	2	4634	2216	123,34	443,36
Recording062	ProVisioNET_study_108_08	Female	Novice	Head_on_table_fix	1	fullstream	Bianca	0	0	0	0	0	0	0	0	0	0	0	0	0	0	0	0	0	0	0	0	1	1	0	0	0	0	0	0	0	0	0	0	0	0	0	0	0	1	0	0	0	0	0	0	0	0	0	0																					4840	0																2757											4957	708	80	1859	7	11790	1419	Anna	Anna	0				0			5017	1254	280	2159	4	11790	1419	5117	1279	300	2159	4	11750	1459	3	23583		333,86	
Recording062	ProVisioNET_study_108_08	Female	Novice	Head_on_table_fix	1	fullstream	Carl(a)	0	0	0	0	0	0	0	0	0	0	0	0	0	0	0	0	0	0	0	0	1	1	0	0	0	0	0	0	0	0	0	0	0	0	0	0	0	1	0	0	0	0	0	0	0	0	0	0																					4840	0																2757											800	267	80	580	3	13689	80	Anna	Anna	0				0			1699	1699	1699	1699	1	13689	1699	1699	1699	1699	1699	1	13689	1699	0				
Recording062	ProVisioNET_study_108_08	Female	Novice	Head_on_table_fix	1	fullstream	Classroom_Others	0	0	0	0	0	0	0	0	0	0	0	0	0	0	0	0	0	0	0	0	1	1	0	0	0	0	0	0	0	0	0	0	0	0	0	0	0	1	0	0	0	0	0	0	0	0	0	0																					4840	0																2757											80	80	80	80	1	27961	80	Anna	Anna	0				0			80	80	80	80	1	27961	80	140	140	140	140	1	27901	140	0				
Recording062	ProVisioNET_study_108_08	Female	Novice	Head_on_table_fix	1	fullstream	Disruptive_Person	0	0	0	0	0	0	0	0	0	0	0	0	0	0	0	0	0	0	0	0	1	1	0	0	0	0	0	0	0	0	0	0	0	0	0	0	0	1	0	0	0	0	0	0	0	0	0	0																					4840	0																2757											2139	428	80	959	5	1676	80	Anna	Anna	0				0			2519	1259	540	1979	2	1676	540	2578	1289	560	2019	2	1656	560	0		2216		443,36
Recording062	ProVisioNET_study_108_08	Female	Novice	Head_on_table_fix	1	fullstream	Material_Teacher	0	0	0	0	0	0	0	0	0	0	0	0	0	0	0	0	0	0	0	0	1	1	0	0	0	0	0	0	0	0	0	0	0	0	0	0	0	1	0	0	0	0	0	0	0	0	0	0																					4840	0																2757											10551	1319	260	2698	8	0	1356	Anna	Anna	0				0			10711	2678	1356	3518	4	0	1356	10831	2708	1356	3538	4	0	1356	4				
Recording062	ProVisioNET_study_108_08	Female	Novice	Head_on_table_fix	1	fullstream	Nametag_Anna	0	0	0	0	0	0	0	0	0	0	0	0	0	0	0	0	0	0	0	0	1	1	0	0	0	0	0	0	0	0	0	0	0	0	0	0	0	1	0	0	0	0	0	0	0	0	0	0																					4840	0																2757											220	220	220	220	1	2276	220	Anna	Anna	0				0			220	220	220	220	1	2276	220	280	280	280	280	1	2216	280	0	2216		443,36	
Recording062	ProVisioNET_study_108_08	Female	Novice	Heckling	1	fullstream	Anna	0	0	0	0	0	0	0	0	0	0	0	0	0	0	0	0	0	0	0	0	0	0	0	0	1	0	0	0	0	0	0	0	0	0	0	0	0	0	1	0	0	0	0	0	0	0	0	0																									0														4422										0				0			Bianca,Disruptive_Person	Bianca,Disruptive_Person	0				0			0				0			0				0			0				
Recording062	ProVisioNET_study_108_08	Female	Novice	Heckling	1	fullstream	Bianca	0	0	0	0	0	0	0	0	0	0	0	0	0	0	0	0	0	0	0	0	0	0	0	0	1	0	0	0	0	0	0	0	0	0	0	0	0	0	1	0	0	0	0	0	0	0	0	0																									0														4422										2605	521	86	1259	5	240	500	Bianca,Disruptive_Person	Bianca,Disruptive_Person	0				0			2965	1482	1166	1799	2	240	1799	3085	1542	1206	1879	2	160	1879	0				
Recording062	ProVisioNET_study_108_08	Female	Novice	Heckling	1	fullstream	Carl(a)	0	0	0	0	0	0	0	0	0	0	0	0	0	0	0	0	0	0	0	0	0	0	0	0	1	0	0	0	0	0	0	0	0	0	0	0	0	0	1	0	0	0	0	0	0	0	0	0																									0														4422										60	60	60	60	1	0	60	Bianca,Disruptive_Person	Bianca,Disruptive_Person	0				0			60	60	60	60	1	0	60	60	60	60	60	1	0	60	0				
Recording062	ProVisioNET_study_108_08	Female	Novice	Heckling	1	fullstream	Classroom_Others	0	0	0	0	0	0	0	0	0	0	0	0	0	0	0	0	0	0	0	0	0	0	0	0	1	0	0	0	0	0	0	0	0	0	0	0	0	0	1	0	0	0	0	0	0	0	0	0																									0														4422										440	110	80	140	4	2998	80	Bianca,Disruptive_Person	Bianca,Disruptive_Person	0				0			540	540	540	540	1	2998	540	540	540	540	540	1	2998	540	0				
Recording062	ProVisioNET_study_108_08	Female	Novice	Heckling	1	fullstream	Disruptive_Person	0	0	0	0	0	0	0	0	0	0	0	0	0	0	0	0	0	0	0	0	0	0	0	0	1	0	0	0	0	0	0	0	0	0	0	0	0	0	1	0	0	0	0	0	0	0	0	0																									0														4422										2605	521	86	1259	5	240	500	Bianca,Disruptive_Person	Bianca,Disruptive_Person	0				0			2965	1482	1166	1799	2	240	1799	3085	1542	1206	1879	2	160	1879	0				
Recording062	ProVisioNET_study_108_08	Female	Novice	Heckling_fix	1	fullstream	Anna	0	0	0	0	0	0	0	0	0	0	0	0	0	0	0	0	0	0	0	0	0	0	0	1	1	0	0	0	0	0	0	0	0	0	0	0	0	0	1	0	0	0	0	0	0	0	0	0																								4844	0														4422										0				0			Carl(a)	Carl(a)	0				0			0				0			0				0			0				
Recording062	ProVisioNET_study_108_08	Female	Novice	Heckling_fix	1	fullstream	Bianca	0	0	0	0	0	0	0	0	0	0	0	0	0	0	0	0	0	0	0	0	0	0	0	1	1	0	0	0	0	0	0	0	0	0	0	0	0	0	1	0	0	0	0	0	0	0	0	0																								4844	0														4422										17450	793	80	3378	22	240	500	Carl(a)	Carl(a)	0				0			19369	2767	100	10034	7	240	1799	19689	2813	140	10094	7	160	1879	0	5497	11513	183,08	226,53
Recording062	ProVisioNET_study_108_08	Female	Novice	Heckling_fix	1	fullstream	Carl(a)	0	0	0	0	0	0	0	0	0	0	0	0	0	0	0	0	0	0	0	0	0	0	0	1	1	0	0	0	0	0	0	0	0	0	0	0	0	0	1	0	0	0	0	0	0	0	0	0																								4844	0														4422										5335	485	60	1299	11	0	60	Carl(a)	Carl(a)	0				0			5914	1183	60	2798	5	0	60	6014	1203	60	2838	5	0	60	2	22187		496,98	
Recording062	ProVisioNET_study_108_08	Female	Novice	Heckling_fix	1	fullstream	Classroom_Others	0	0	0	0	0	0	0	0	0	0	0	0	0	0	0	0	0	0	0	0	0	0	0	1	1	0	0	0	0	0	0	0	0	0	0	0	0	0	1	0	0	0	0	0	0	0	0	0																								4844	0														4422										1519	190	80	520	8	2998	80	Carl(a)	Carl(a)	0				0			1879	470	80	919	4	2998	540	1999	500	140	939	4	2998	540	0	11513	22187	226,53	496,98
Recording062	ProVisioNET_study_108_08	Female	Novice	Heckling_fix	1	fullstream	Disruptive_Person	0	0	0	0	0	0	0	0	0	0	0	0	0	0	0	0	0	0	0	0	0	0	0	1	1	0	0	0	0	0	0	0	0	0	0	0	0	0	1	0	0	0	0	0	0	0	0	0																								4844	0														4422										2918	486	140	1259	6	240	500	Carl(a)	Carl(a)	0				0			3338	1669	1539	1799	2	240	1799	3458	1729	1579	1879	2	160	1879	0				
Recording062	ProVisioNET_study_108_08	Female	Novice	Lesson	1	fullstream	Anna	0	1	0	0	0	0	0	1	1	1	1	1	1	1	1	1	1	1	1	1	1	1	1	1	1	0	1	0	0	0	1	1	1	1	1	0	1	1	1	1	1	1	1	1	1	1	1	2		4644						921059	897162	891059	560592	541873	530593	201980	201980	171981	741482	716834	711483	830935	805776	800936	470384	445228	440384		0				380996	381212	350996	896298	540946		715038	803692	444806	377341	622672	278280	650915	623856	620915	293261	280606	273262	244218	593	80	5037	412	1140	140	Classroom_Others		760	760	760	760	1	132803	760	274179	1735	80	16830	158	1140	140	279476	1769	80	16870	158	1120	160	52	1120	1280	212,34	185,77
Recording062	ProVisioNET_study_108_08	Female	Novice	Lesson	1	fullstream	Bianca	0	1	0	0	0	0	0	1	1	1	1	1	1	1	1	1	1	1	1	1	1	1	1	1	1	0	1	0	0	0	1	1	1	1	1	0	1	1	1	1	1	1	1	1	1	1	1	2		4644						921059	897162	891059	560592	541873	530593	201980	201980	171981	741482	716834	711483	830935	805776	800936	470384	445228	440384		0				380996	381212	350996	896298	540946		715038	803692	444806	377341	622672	278280	650915	623856	620915	293261	280606	273262	174538	535	80	6396	326	1680	380	Classroom_Others		0				0			196225	1545	80	10814	127	1680	380	201342	1585	100	10814	127	1640	420	63	1640	2059	168,45	463,73
Recording062	ProVisioNET_study_108_08	Female	Novice	Lesson	1	fullstream	Board_Screen	0	1	0	0	0	0	0	1	1	1	1	1	1	1	1	1	1	1	1	1	1	1	1	1	1	0	1	0	0	0	1	1	1	1	1	0	1	1	1	1	1	1	1	1	1	1	1	2		4644						921059	897162	891059	560592	541873	530593	201980	201980	171981	741482	716834	711483	830935	805776	800936	470384	445228	440384		0				380996	381212	350996	896298	540946		715038	803692	444806	377341	622672	278280	650915	623856	620915	293261	280606	273262	18709	398	80	1339	47	6617	180	Classroom_Others		0				0			22267	2024	80	7616	11	6617	180	22667	2061	140	7676	11	6557	240	24	124228	135202	129,84	133,09
Recording062	ProVisioNET_study_108_08	Female	Novice	Lesson	1	fullstream	Carl(a)	0	1	0	0	0	0	0	1	1	1	1	1	1	1	1	1	1	1	1	1	1	1	1	1	1	0	1	0	0	0	1	1	1	1	1	0	1	1	1	1	1	1	1	1	1	1	1	2		4644						921059	897162	891059	560592	541873	530593	201980	201980	171981	741482	716834	711483	830935	805776	800936	470384	445228	440384		0				380996	381212	350996	896298	540946		715038	803692	444806	377341	622672	278280	650915	623856	620915	293261	280606	273262	101021	457	80	4457	221	11334	100	Classroom_Others		0				0			117191	1429	80	19249	82	11334	100	119670	1459	100	19269	82	11274	160	35	45974	16511	310,82	499,66
Recording062	ProVisioNET_study_108_08	Female	Novice	Lesson	1	fullstream	Classroom_Others	0	1	0	0	0	0	0	1	1	1	1	1	1	1	1	1	1	1	1	1	1	1	1	1	1	0	1	0	0	0	1	1	1	1	1	0	1	1	1	1	1	1	1	1	1	1	1	2		4644						921059	897162	891059	560592	541873	530593	201980	201980	171981	741482	716834	711483	830935	805776	800936	470384	445228	440384		0				380996	381212	350996	896298	540946		715038	803692	444806	377341	622672	278280	650915	623856	620915	293261	280606	273262	79374	272	80	2339	292	380	400	Classroom_Others		0				0			103730	603	80	5137	172	380	720	109026	634	80	5137	172	340	760	55	340	1640	196,08	168,45
Recording062	ProVisioNET_study_108_08	Female	Novice	Lesson	1	fullstream	Disruptive_Person	0	1	0	0	0	0	0	1	1	1	1	1	1	1	1	1	1	1	1	1	1	1	1	1	1	0	1	0	0	0	1	1	1	1	1	0	1	1	1	1	1	1	1	1	1	1	1	2		4644						921059	897162	891059	560592	541873	530593	201980	201980	171981	741482	716834	711483	830935	805776	800936	470384	445228	440384		0				380996	381212	350996	896298	540946		715038	803692	444806	377341	622672	278280	650915	623856	620915	293261	280606	273262	37618	392	80	2119	96	187931	100	Classroom_Others		0				0			43954	1465	100	15491	30	187931	100	45014	1500	120	15511	30	187911	120	19	198825	274381	410,69	433,03
Recording062	ProVisioNET_study_108_08	Female	Novice	Lesson	1	fullstream	Material_Students	0	1	0	0	0	0	0	1	1	1	1	1	1	1	1	1	1	1	1	1	1	1	1	1	1	0	1	0	0	0	1	1	1	1	1	0	1	1	1	1	1	1	1	1	1	1	1	2		4644						921059	897162	891059	560592	541873	530593	201980	201980	171981	741482	716834	711483	830935	805776	800936	470384	445228	440384		0				380996	381212	350996	896298	540946		715038	803692	444806	377341	622672	278280	650915	623856	620915	293261	280606	273262	2239	204	80	500	11	198885	200	Classroom_Others		0				0			2279	253	80	660	9	198885	660	2519	280	80	720	9	198825	720	1	198825	340063	410,69	256,77
Recording062	ProVisioNET_study_108_08	Female	Novice	Lesson	1	fullstream	Material_Teacher	0	1	0	0	0	0	0	1	1	1	1	1	1	1	1	1	1	1	1	1	1	1	1	1	1	0	1	0	0	0	1	1	1	1	1	0	1	1	1	1	1	1	1	1	1	1	1	2		4644						921059	897162	891059	560592	541873	530593	201980	201980	171981	741482	716834	711483	830935	805776	800936	470384	445228	440384		0				380996	381212	350996	896298	540946		715038	803692	444806	377341	622672	278280	650915	623856	620915	293261	280606	273262	173738	543	60	5317	320	8336	80	Classroom_Others		0				0			191328	1894	80	10254	101	8336	340	194546	1926	80	10294	101	8236	440	157	16511	45974	499,66	310,82
Recording062	ProVisioNET_study_108_08	Female	Novice	Lesson	1	fullstream	Nametag_Anna	0	1	0	0	0	0	0	1	1	1	1	1	1	1	1	1	1	1	1	1	1	1	1	1	1	0	1	0	0	0	1	1	1	1	1	0	1	1	1	1	1	1	1	1	1	1	1	2		4644						921059	897162	891059	560592	541873	530593	201980	201980	171981	741482	716834	711483	830935	805776	800936	470384	445228	440384		0				380996	381212	350996	896298	540946		715038	803692	444806	377341	622672	278280	650915	623856	620915	293261	280606	273262	1559	173	80	320	9	46434	140	Classroom_Others		0				0			1579	197	80	320	8	46434	260	1859	232	80	360	8	46354	340	1	324512	324872	331,93	292,76
Recording062	ProVisioNET_study_108_08	Female	Novice	Lesson	1	fullstream	Nametag_Bianca	0	1	0	0	0	0	0	1	1	1	1	1	1	1	1	1	1	1	1	1	1	1	1	1	1	0	1	0	0	0	1	1	1	1	1	0	1	1	1	1	1	1	1	1	1	1	1	2		4644						921059	897162	891059	560592	541873	530593	201980	201980	171981	741482	716834	711483	830935	805776	800936	470384	445228	440384		0				380996	381212	350996	896298	540946		715038	803692	444806	377341	622672	278280	650915	623856	620915	293261	280606	273262	1379	197	80	380	7	19449	120	Classroom_Others		0				0			1399	233	80	380	6	19449	280	1599	267	100	400	6	19409	320	1	31482	31702	300,37	128,69
Recording062	ProVisioNET_study_108_08	Female	Novice	Lesson	1	fullstream	Nametag_Carl(a)	0	1	0	0	0	0	0	1	1	1	1	1	1	1	1	1	1	1	1	1	1	1	1	1	1	0	1	0	0	0	1	1	1	1	1	0	1	1	1	1	1	1	1	1	1	1	1	2		4644						921059	897162	891059	560592	541873	530593	201980	201980	171981	741482	716834	711483	830935	805776	800936	470384	445228	440384		0				380996	381212	350996	896298	540946		715038	803692	444806	377341	622672	278280	650915	623856	620915	293261	280606	273262	360	360	360	360	1	606687	360	Classroom_Others		0				0			360	360	360	360	1	606687	360	380	380	380	380	1	606667	380	0	606667		124,74	
Recording062	ProVisioNET_study_108_08	Female	Novice	Looking_at_phone	1	fullstream	Anna	0	0	0	0	0	0	0	0	0	0	0	0	0	0	0	0	0	0	0	0	0	0	0	0	0	0	0	0	0	0	1	0	1	0	0	0	0	0	0	1	0	0	0	0	0	0	0	0																															30000		0							26345									19729	438	80	1699	45	0	140	Classroom_Others		0				0			23666	1820	80	13612	13	0	2239	24046	1850	100	13632	13	0	2239	6	4277	20788	159,48	155,93
Recording062	ProVisioNET_study_108_08	Female	Novice	Looking_at_phone	1	fullstream	Bianca	0	0	0	0	0	0	0	0	0	0	0	0	0	0	0	0	0	0	0	0	0	0	0	0	0	0	0	0	0	0	1	0	1	0	0	0	0	0	0	1	0	0	0	0	0	0	0	0																															30000		0							26345									200	200	200	200	1	29703	200	Classroom_Others		0				0			200	200	200	200	1	29703	200	280	280	280	280	1	29623	280	0		29903		410,8
Recording062	ProVisioNET_study_108_08	Female	Novice	Looking_at_phone	1	fullstream	Carl(a)	0	0	0	0	0	0	0	0	0	0	0	0	0	0	0	0	0	0	0	0	0	0	0	0	0	0	0	0	0	0	1	0	1	0	0	0	0	0	0	1	0	0	0	0	0	0	0	0																															30000		0							26345									0				0			Classroom_Others		0				0			0				0			0				0			0				
Recording062	ProVisioNET_study_108_08	Female	Novice	Looking_at_phone	1	fullstream	Classroom_Others	0	0	0	0	0	0	0	0	0	0	0	0	0	0	0	0	0	0	0	0	0	0	0	0	0	0	0	0	0	0	1	0	1	0	0	0	0	0	0	1	0	0	0	0	0	0	0	0																															30000		0							26345									2079	173	80	240	12	3158	160	Classroom_Others		0				0			2459	410	160	1059	6	3158	440	2698	450	220	1079	6	3098	500	4	20788	29343	155,93	205,65
Recording062	ProVisioNET_study_108_08	Female	Novice	Looking_at_phone	1	fullstream	Disruptive_Person	0	0	0	0	0	0	0	0	0	0	0	0	0	0	0	0	0	0	0	0	0	0	0	0	0	0	0	0	0	0	1	0	1	0	0	0	0	0	0	1	0	0	0	0	0	0	0	0																															30000		0							26345									20468	409	80	1699	50	0	140	Classroom_Others		0				0			24905	2491	100	15491	10	0	2239	25165	2517	140	15511	10	0	2239	10	4277	28263	159,48	103,81
Recording062	ProVisioNET_study_108_08	Female	Novice	Looking_at_phone	1	fullstream	Material_Students	0	0	0	0	0	0	0	0	0	0	0	0	0	0	0	0	0	0	0	0	0	0	0	0	0	0	0	0	0	0	1	0	1	0	0	0	0	0	0	1	0	0	0	0	0	0	0	0																															30000		0							26345									160	80	80	80	2	4178	80	Classroom_Others		0				0			160	80	80	80	2	4178	80	160	80	80	80	2	4178	80	0				
Recording062	ProVisioNET_study_108_08	Female	Novice	Looking_at_phone	1	fullstream	Nametag_Anna	0	0	0	0	0	0	0	0	0	0	0	0	0	0	0	0	0	0	0	0	0	0	0	0	0	0	0	0	0	0	1	0	1	0	0	0	0	0	0	1	0	0	0	0	0	0	0	0																															30000		0							26345									420	210	160	260	2	22747	160	Classroom_Others		0				0			420	210	160	260	2	22747	160	440	220	160	280	2	22747	160	0				
Recording062	ProVisioNET_study_108_08	Female	Novice	Looking_at_phone_fix	1	fullstream	Anna	0	0	0	0	0	0	0	0	0	0	0	0	0	0	0	0	0	0	0	0	0	0	0	0	0	0	0	0	0	0	0	0	1	0	0	0	0	0	0	1	0	0	0	0	0	0	0	0																																	0							26345									19729	438	80	1699	45	0	140	Classroom_Others	Classroom_Others	0				0			23666	1820	80	13612	13	0	2239	24046	1850	100	13632	13	0	2239	6	4277	20788	159,48	155,93
Recording062	ProVisioNET_study_108_08	Female	Novice	Looking_at_phone_fix	1	fullstream	Bianca	0	0	0	0	0	0	0	0	0	0	0	0	0	0	0	0	0	0	0	0	0	0	0	0	0	0	0	0	0	0	0	0	1	0	0	0	0	0	0	1	0	0	0	0	0	0	0	0																																	0							26345									200	200	200	200	1	29703	200	Classroom_Others	Classroom_Others	0				0			200	200	200	200	1	29703	200	280	280	280	280	1	29623	280	0		29903		410,8
Recording062	ProVisioNET_study_108_08	Female	Novice	Looking_at_phone_fix	1	fullstream	Carl(a)	0	0	0	0	0	0	0	0	0	0	0	0	0	0	0	0	0	0	0	0	0	0	0	0	0	0	0	0	0	0	0	0	1	0	0	0	0	0	0	1	0	0	0	0	0	0	0	0																																	0							26345									0				0			Classroom_Others	Classroom_Others	0				0			0				0			0				0			0				
Recording062	ProVisioNET_study_108_08	Female	Novice	Looking_at_phone_fix	1	fullstream	Classroom_Others	0	0	0	0	0	0	0	0	0	0	0	0	0	0	0	0	0	0	0	0	0	0	0	0	0	0	0	0	0	0	0	0	1	0	0	0	0	0	0	1	0	0	0	0	0	0	0	0																																	0							26345									1956	163	38	240	12	3158	160	Classroom_Others	Classroom_Others	0				0			2336	389	38	1059	6	3158	440	2576	429	97	1079	6	3098	500	4	20788	29343	155,93	205,65
Recording062	ProVisioNET_study_108_08	Female	Novice	Looking_at_phone_fix	1	fullstream	Disruptive_Person	0	0	0	0	0	0	0	0	0	0	0	0	0	0	0	0	0	0	0	0	0	0	0	0	0	0	0	0	0	0	0	0	1	0	0	0	0	0	0	1	0	0	0	0	0	0	0	0																																	0							26345									20468	409	80	1699	50	0	140	Classroom_Others	Classroom_Others	0				0			24905	2491	100	15491	10	0	2239	25165	2517	140	15511	10	0	2239	10	4277	28263	159,48	103,81
Recording062	ProVisioNET_study_108_08	Female	Novice	Looking_at_phone_fix	1	fullstream	Material_Students	0	0	0	0	0	0	0	0	0	0	0	0	0	0	0	0	0	0	0	0	0	0	0	0	0	0	0	0	0	0	0	0	1	0	0	0	0	0	0	1	0	0	0	0	0	0	0	0																																	0							26345									160	80	80	80	2	4178	80	Classroom_Others	Classroom_Others	0				0			160	80	80	80	2	4178	80	160	80	80	80	2	4178	80	0				
Recording062	ProVisioNET_study_108_08	Female	Novice	Looking_at_phone_fix	1	fullstream	Nametag_Anna	0	0	0	0	0	0	0	0	0	0	0	0	0	0	0	0	0	0	0	0	0	0	0	0	0	0	0	0	0	0	0	0	1	0	0	0	0	0	0	1	0	0	0	0	0	0	0	0																																	0							26345									420	210	160	260	2	22747	160	Classroom_Others	Classroom_Others	0				0			420	210	160	260	2	22747	160	440	220	160	280	2	22747	160	0				
Recording062	ProVisioNET_study_108_08	Female	Novice	Snipping_with_fingers	1	fullstream	Anna	0	0	0	0	0	0	0	0	0	0	0	0	0	0	0	0	0	0	0	0	0	0	0	0	0	0	0	0	0	0	0	0	0	0	0	0	0	0	0	0	1	0	0	0	1	0	0	0																																									1757				0				1579	226	120	440	7	723	200	Anna,Disruptive_Person	Anna,Disruptive_Person	0				0			2059	1029	919	1139	2	723	919	2139	1069	919	1219	2	723	919	2				
Recording062	ProVisioNET_study_108_08	Female	Novice	Snipping_with_fingers	1	fullstream	Bianca	0	0	0	0	0	0	0	0	0	0	0	0	0	0	0	0	0	0	0	0	0	0	0	0	0	0	0	0	0	0	0	0	0	0	0	0	0	0	0	0	1	0	0	0	1	0	0	0																																									1757				0				0				0			Anna,Disruptive_Person	Anna,Disruptive_Person	0				0			0				0			0				0			0				
Recording062	ProVisioNET_study_108_08	Female	Novice	Snipping_with_fingers	1	fullstream	Carl(a)	0	0	0	0	0	0	0	0	0	0	0	0	0	0	0	0	0	0	0	0	0	0	0	0	0	0	0	0	0	0	0	0	0	0	0	0	0	0	0	0	1	0	0	0	1	0	0	0																																									1757				0				460	460	460	460	1	3	460	Anna,Disruptive_Person	Anna,Disruptive_Person	0				0			460	460	460	460	1	3	460	463	463	463	463	1	0	463	0				
Recording062	ProVisioNET_study_108_08	Female	Novice	Snipping_with_fingers	1	fullstream	Classroom_Others	0	0	0	0	0	0	0	0	0	0	0	0	0	0	0	0	0	0	0	0	0	0	0	0	0	0	0	0	0	0	0	0	0	0	0	0	0	0	0	0	1	0	0	0	1	0	0	0																																									1757				0				0				0			Anna,Disruptive_Person	Anna,Disruptive_Person	0				0			0				0			0				0			0				
Recording062	ProVisioNET_study_108_08	Female	Novice	Snipping_with_fingers	1	fullstream	Disruptive_Person	0	0	0	0	0	0	0	0	0	0	0	0	0	0	0	0	0	0	0	0	0	0	0	0	0	0	0	0	0	0	0	0	0	0	0	0	0	0	0	0	1	0	0	0	1	0	0	0																																									1757				0				1579	226	120	440	7	723	200	Anna,Disruptive_Person	Anna,Disruptive_Person	0				0			2059	1029	919	1139	2	723	919	2139	1069	919	1219	2	723	919	2				
Recording062	ProVisioNET_study_108_08	Female	Novice	Snpping_with_fingers_fix	1	fullstream	Anna	0	0	0	0	0	0	0	0	0	0	0	0	0	0	0	0	0	0	0	0	0	0	0	0	0	0	0	0	0	0	0	0	0	0	0	0	0	0	0	0	1	0	0	1	1	0	0	0																																									1757			2941	0				6856	312	80	1199	22	723	200	Bianca	Bianca	0				0			8875	986	400	1999	9	723	919	9175	1019	460	2079	9	723	919	2				
Recording062	ProVisioNET_study_108_08	Female	Novice	Snpping_with_fingers_fix	1	fullstream	Bianca	0	0	0	0	0	0	0	0	0	0	0	0	0	0	0	0	0	0	0	0	0	0	0	0	0	0	0	0	0	0	0	0	0	0	0	0	0	0	0	0	1	0	0	1	1	0	0	0																																									1757			2941	0				5471	684	80	1399	8	16434	80	Bianca	Bianca	0				0			6851	2284	874	4477	3	16434	1499	6971	2324	934	4517	3	16414	1519	2				
Recording062	ProVisioNET_study_108_08	Female	Novice	Snpping_with_fingers_fix	1	fullstream	Carl(a)	0	0	0	0	0	0	0	0	0	0	0	0	0	0	0	0	0	0	0	0	0	0	0	0	0	0	0	0	0	0	0	0	0	0	0	0	0	0	0	0	1	0	0	1	1	0	0	0																																									1757			2941	0				460	460	460	460	1	3	460	Bianca	Bianca	0				0			460	460	460	460	1	3	460	463	463	463	463	1	0	463	0				
Recording062	ProVisioNET_study_108_08	Female	Novice	Snpping_with_fingers_fix	1	fullstream	Classroom_Others	0	0	0	0	0	0	0	0	0	0	0	0	0	0	0	0	0	0	0	0	0	0	0	0	0	0	0	0	0	0	0	0	0	0	0	0	0	0	0	0	1	0	0	1	1	0	0	0																																									1757			2941	0				3058	255	80	660	12	3821	660	Bianca	Bianca	0				0			6996	1399	200	5137	5	3821	820	7116	1423	240	5137	5	3821	820	1	27707		349,1	
Recording062	ProVisioNET_study_108_08	Female	Novice	Snpping_with_fingers_fix	1	fullstream	Disruptive_Person	0	0	0	0	0	0	0	0	0	0	0	0	0	0	0	0	0	0	0	0	0	0	0	0	0	0	0	0	0	0	0	0	0	0	0	0	0	0	0	0	1	0	0	1	1	0	0	0																																									1757			2941	0				1659	237	120	440	7	723	200	Bianca	Bianca	0				0			2139	1069	919	1219	2	723	919	2219	1109	919	1299	2	723	919	2				
Recording062	ProVisioNET_study_108_08	Female	Novice	Snpping_with_fingers_fix	1	fullstream	Material_Teacher	0	0	0	0	0	0	0	0	0	0	0	0	0	0	0	0	0	0	0	0	0	0	0	0	0	0	0	0	0	0	0	0	0	0	0	0	0	0	0	0	1	0	0	1	1	0	0	0																																									1757			2941	0				440	147	120	180	3	20151	140	Bianca	Bianca	0				0			740	740	740	740	1	20151	740	800	800	800	800	1	20091	800	1				
Recording062	ProVisioNET_study_108_08	Female	Novice	Whispering	1	fullstream	Anna	0	0	0	0	0	0	0	0	0	0	0	0	0	0	0	0	0	0	0	0	0	0	0	0	0	0	0	0	0	0	0	0	0	0	0	0	0	0	0	0	0	1	0	0	0	0	0	2																																										5018						0	2419	605	80	1939	4	380	140	Classroom_Others		0				0			2459	820	140	1939	3	380	140	2559	853	200	1959	3	320	200	0	1879	3838	126,32	323,75
Recording062	ProVisioNET_study_108_08	Female	Novice	Whispering	1	fullstream	Bianca	0	0	0	0	0	0	0	0	0	0	0	0	0	0	0	0	0	0	0	0	0	0	0	0	0	0	0	0	0	0	0	0	0	0	0	0	0	0	0	0	0	1	0	0	0	0	0	2																																										5018						0	2219	247	80	520	9	600	520	Classroom_Others		0				0			2419	484	320	740	5	600	520	2598	520	400	760	5	580	540	0	1479	1119	403,68	433,03
Recording062	ProVisioNET_study_108_08	Female	Novice	Whispering	1	fullstream	Carl(a)	0	0	0	0	0	0	0	0	0	0	0	0	0	0	0	0	0	0	0	0	0	0	0	0	0	0	0	0	0	0	0	0	0	0	0	0	0	0	0	0	0	1	0	0	0	0	0	2																																										5018						0	300	300	300	300	1	1179	300	Classroom_Others		0				0			300	300	300	300	1	1179	300	360	360	360	360	1	1119	360	0	1119	1479	433,03	403,68
Recording062	ProVisioNET_study_108_08	Female	Novice	Whispering	1	fullstream	Classroom_Others	0	0	0	0	0	0	0	0	0	0	0	0	0	0	0	0	0	0	0	0	0	0	0	0	0	0	0	0	0	0	0	0	0	0	0	0	0	0	0	0	0	1	0	0	0	0	0	2																																										5018						0	200	100	80	120	2	5257	80	Classroom_Others		0				0			448	224	80	368	2	5257	80	448	224	80	368	2	5257	80	0				
Recording062	ProVisioNET_study_108_08	Female	Novice	Whispering	1	fullstream	Disruptive_Person	0	0	0	0	0	0	0	0	0	0	0	0	0	0	0	0	0	0	0	0	0	0	0	0	0	0	0	0	0	0	0	0	0	0	0	0	0	0	0	0	0	1	0	0	0	0	0	2																																										5018						0	2219	247	80	520	9	600	520	Classroom_Others		0				0			2419	484	320	740	5	600	520	2598	520	400	760	5	580	540	0	1479	1119	403,68	433,03
Recording062	ProVisioNET_study_108_08	Female	Novice	Whispering	1	fullstream	Material_Teacher	0	0	0	0	0	0	0	0	0	0	0	0	0	0	0	0	0	0	0	0	0	0	0	0	0	0	0	0	0	0	0	0	0	0	0	0	0	0	0	0	0	1	0	0	0	0	0	2																																										5018						0	100	100	100	100	1	0	100	Classroom_Others		0				0			100	100	100	100	1	0	100	100	100	100	100	1	0	100	0				
Recording062	ProVisioNET_study_108_08	Female	Novice	Whispering_fix	1	fullstream	Anna	0	0	0	0	0	0	0	0	0	0	0	0	0	0	0	0	0	0	0	0	0	0	0	0	0	0	0	0	0	0	0	0	0	0	0	0	0	0	0	0	0	1	0	0	0	0	1	2																																										5018					7344	0	2579	516	80	1939	5	380	140	Bianca	Bianca	0				0			2618	655	140	1939	4	380	140	2738	685	180	1959	4	320	200	0	1879	3838	126,32	323,75
Recording062	ProVisioNET_study_108_08	Female	Novice	Whispering_fix	1	fullstream	Bianca	0	0	0	0	0	0	0	0	0	0	0	0	0	0	0	0	0	0	0	0	0	0	0	0	0	0	0	0	0	0	0	0	0	0	0	0	0	0	0	0	0	1	0	0	0	0	1	2																																										5018					7344	0	2870	261	80	520	11	600	520	Bianca	Bianca	0				0			3070	439	271	740	7	600	520	3349	478	311	760	7	580	540	0	1479	1119	403,68	433,03
Recording062	ProVisioNET_study_108_08	Female	Novice	Whispering_fix	1	fullstream	Carl(a)	0	0	0	0	0	0	0	0	0	0	0	0	0	0	0	0	0	0	0	0	0	0	0	0	0	0	0	0	0	0	0	0	0	0	0	0	0	0	0	0	0	1	0	0	0	0	1	2																																										5018					7344	0	1139	570	300	840	2	1179	300	Bianca	Bianca	0				0			1139	570	300	840	2	1179	300	1239	620	360	879	2	1119	360	0	1119	1479	433,03	403,68
Recording062	ProVisioNET_study_108_08	Female	Novice	Whispering_fix	1	fullstream	Classroom_Others	0	0	0	0	0	0	0	0	0	0	0	0	0	0	0	0	0	0	0	0	0	0	0	0	0	0	0	0	0	0	0	0	0	0	0	0	0	0	0	0	0	1	0	0	0	0	1	2																																										5018					7344	0	3078	513	80	1479	6	5257	80	Bianca	Bianca	0				0			3618	724	80	1479	5	5257	80	3658	732	80	1499	5	5257	80	0	11913	11453	169,43	178,5
Recording062	ProVisioNET_study_108_08	Female	Novice	Whispering_fix	1	fullstream	Disruptive_Person	0	0	0	0	0	0	0	0	0	0	0	0	0	0	0	0	0	0	0	0	0	0	0	0	0	0	0	0	0	0	0	0	0	0	0	0	0	0	0	0	0	1	0	0	0	0	1	2																																										5018					7344	0	2219	247	80	520	9	600	520	Bianca	Bianca	0				0			2419	484	320	740	5	600	520	2598	520	400	760	5	580	540	0	1479	1119	403,68	433,03
Recording062	ProVisioNET_study_108_08	Female	Novice	Whispering_fix	1	fullstream	Material_Teacher	0	0	0	0	0	0	0	0	0	0	0	0	0	0	0	0	0	0	0	0	0	0	0	0	0	0	0	0	0	0	0	0	0	0	0	0	0	0	0	0	0	1	0	0	0	0	1	2																																										5018					7344	0	5657	514	80	2099	11	0	100	Bianca	Bianca	0				0			5877	1175	100	3098	5	0	100	5937	1187	100	3098	5	0	100	3	11453	11913	178,5	169,43
Recording062	ProVisioNET_study_108_08	Female	Novice	snapshop_A_nametag	1	snapshop_A_nametag	Nametag_Anna	0	0	0	0	0	0	0	0	0	0	0	0	0	0	0	0	0	0	0	0	0	0	0	0	0	0	0	0	0	0	0	0	0	0	0	0	0	0	0	0	0	0	0	0	0	0	0	0																																																	240	120	100	140	2	0	140	Nametag_Anna	Nametag_Anna	0				0			260	260	260	260	1	0	260	260	260	260	260	1	0	260	1				
Recording062	ProVisioNET_study_108_08	Female	Novice	snapshop_A_nametag	2	snapshop_A_nametag	Nametag_Anna	0	0	0	0	0	0	0	0	0	0	0	0	0	0	0	0	0	0	0	0	0	0	0	0	0	0	0	0	0	0	0	0	0	0	0	0	0	0	0	0	0	0	0	0	0	0	0	0																																																	480	240	160	320	2	0	320	Nametag_Anna	Nametag_Anna	0				0			780	780	780	780	1	0	780	780	780	780	780	1	0	780	2				
Recording062	ProVisioNET_study_108_08	Female	Novice	snapshop_A_nametag	3	snapshop_A_nametag	Nametag_Anna	0	0	0	0	0	0	0	0	0	0	0	0	0	0	0	0	0	0	0	0	0	0	0	0	0	0	0	0	0	0	0	0	0	0	0	0	0	0	0	0	0	0	0	0	0	0	0	0																																																	420	210	160	260	2	0	160	Nametag_Anna	Nametag_Anna	0				0			2379	2379	2379	2379	1	0	2379	2379	2379	2379	2379	1	0	2379	0				
Recording062	ProVisioNET_study_108_08	Female	Novice	snapshop_A_nametag	4	snapshop_A_nametag	Nametag_Anna	0	0	0	0	0	0	0	0	0	0	0	0	0	0	0	0	0	0	0	0	0	0	0	0	0	0	0	0	0	0	0	0	0	0	0	0	0	0	0	0	0	0	0	0	0	0	0	0																																																	80	80	80	80	1	40	80	Nametag_Anna	Nametag_Anna	0				0			120	120	120	120	1	0	120	120	120	120	120	1	0	120	0				
Recording062	ProVisioNET_study_108_08	Female	Novice	snapshop_A_nametag	5	snapshop_A_nametag	Nametag_Anna	0	0	0	0	0	0	0	0	0	0	0	0	0	0	0	0	0	0	0	0	0	0	0	0	0	0	0	0	0	0	0	0	0	0	0	0	0	0	0	0	0	0	0	0	0	0	0	0																																																	220	220	220	220	1	0	220	Nametag_Anna	Nametag_Anna	0				0			220	220	220	220	1	0	220	220	220	220	220	1	0	220	0				
Recording062	ProVisioNET_study_108_08	Female	Novice	snapshop_A_nametag	6	snapshop_A_nametag	Nametag_Anna	0	0	0	0	0	0	0	0	0	0	0	0	0	0	0	0	0	0	0	0	0	0	0	0	0	0	0	0	0	0	0	0	0	0	0	0	0	0	0	0	0	0	0	0	0	0	0	0																																																	120	120	120	120	1	0	120	Nametag_Anna	Nametag_Anna	0				0			120	120	120	120	1	0	120	120	120	120	120	1	0	120	0				
Recording062	ProVisioNET_study_108_08	Female	Novice	snapshop_B_nametag	1	snapshop_B_nametag	Nametag_Bianca	0	0	0	0	0	0	0	0	0	0	0	0	0	0	0	0	0	0	0	0	0	0	0	0	0	0	0	0	0	0	0	0	0	0	0	0	0	0	0	0	0	0	0	0	0	0	0	0																																																	260	130	120	140	2	0	120	Nametag_Bianca	Nametag_Bianca	0				0			280	280	280	280	1	0	280	280	280	280	280	1	0	280	1				
Recording062	ProVisioNET_study_108_08	Female	Novice	snapshop_B_nametag	2	snapshop_B_nametag	Nametag_Bianca	0	0	0	0	0	0	0	0	0	0	0	0	0	0	0	0	0	0	0	0	0	0	0	0	0	0	0	0	0	0	0	0	0	0	0	0	0	0	0	0	0	0	0	0	0	0	0	0																																																	160	160	160	160	1	0	160	Nametag_Bianca	Nametag_Bianca	0				0			160	160	160	160	1	0	160	160	160	160	160	1	0	160	0				
Recording062	ProVisioNET_study_108_08	Female	Novice	snapshop_B_nametag	3	snapshop_B_nametag	Nametag_Bianca	0	0	0	0	0	0	0	0	0	0	0	0	0	0	0	0	0	0	0	0	0	0	0	0	0	0	0	0	0	0	0	0	0	0	0	0	0	0	0	0	0	0	0	0	0	0	0	0																																																	380	380	380	380	1	0	380	Nametag_Bianca	Nametag_Bianca	0				0			380	380	380	380	1	0	380	380	380	380	380	1	0	380	0				
Recording062	ProVisioNET_study_108_08	Female	Novice	snapshop_B_nametag	4	snapshop_B_nametag	Nametag_Bianca	0	0	0	0	0	0	0	0	0	0	0	0	0	0	0	0	0	0	0	0	0	0	0	0	0	0	0	0	0	0	0	0	0	0	0	0	0	0	0	0	0	0	0	0	0	0	0	0																																																	220	220	220	220	1	0	220	Nametag_Bianca	Nametag_Bianca	0				0			220	220	220	220	1	0	220	220	220	220	220	1	0	220	0				
Recording062	ProVisioNET_study_108_08	Female	Novice	snapshop_B_nametag	5	snapshop_B_nametag	Nametag_Bianca	0	0	0	0	0	0	0	0	0	0	0	0	0	0	0	0	0	0	0	0	0	0	0	0	0	0	0	0	0	0	0	0	0	0	0	0	0	0	0	0	0	0	0	0	0	0	0	0																																																	280	280	280	280	1	0	280	Nametag_Bianca	Nametag_Bianca	0				0			280	280	280	280	1	0	280	280	280	280	280	1	0	280	0				
Recording062	ProVisioNET_study_108_08	Female	Novice	snapshop_B_nametag	6	snapshop_B_nametag	Nametag_Bianca	0	0	0	0	0	0	0	0	0	0	0	0	0	0	0	0	0	0	0	0	0	0	0	0	0	0	0	0	0	0	0	0	0	0	0	0	0	0	0	0	0	0	0	0	0	0	0	0																																																	80	80	80	80	1	0	80	Nametag_Bianca	Nametag_Bianca	0				0			80	80	80	80	1	0	80	80	80	80	80	1	0	80	0				
Recording062	ProVisioNET_study_108_08	Female	Novice	snapshop_board_screen	1	snapshop_board_screen	Board_Screen	0	0	0	0	0	0	0	0	0	0	0	0	0	0	0	0	0	0	0	0	0	0	0	0	0	0	0	0	0	0	0	0	0	0	0	0	0	0	0	0	0	0	0	0	0	0	0	0																																																	180	180	180	180	1	0	180	Board_Screen	Board_Screen	0				0			180	180	180	180	1	0	180	180	180	180	180	1	0	180	0				
Recording062	ProVisioNET_study_108_08	Female	Novice	snapshop_board_screen	2	snapshop_board_screen	Board_Screen	0	0	0	0	0	0	0	0	0	0	0	0	0	0	0	0	0	0	0	0	0	0	0	0	0	0	0	0	0	0	0	0	0	0	0	0	0	0	0	0	0	0	0	0	0	0	0	0																																																	16071	412	80	1339	39	100	340	Board_Screen	Board_Screen	0				0			30962	30962	30962	30962	1	0	30962	30962	30962	30962	30962	1	0	30962	33				
Recording062	ProVisioNET_study_108_08	Female	Novice	snapshop_board_screen	3	snapshop_board_screen	Board_Screen	0	0	0	0	0	0	0	0	0	0	0	0	0	0	0	0	0	0	0	0	0	0	0	0	0	0	0	0	0	0	0	0	0	0	0	0	0	0	0	0	0	0	0	0	0	0	0	0																																																	2459	351	160	500	7	0	300	Board_Screen	Board_Screen	0				0			7436	7436	7436	7436	1	0	7436	7436	7436	7436	7436	1	0	7436	6				
Recording062	ProVisioNET_study_108_08	Female	Novice	snapshop_C_nametag	1	snapshop_C_nametag	Nametag_Carl(a)	0	0	0	0	0	0	0	0	0	0	0	0	0	0	0	0	0	0	0	0	0	0	0	0	0	0	0	0	0	0	0	0	0	0	0	0	0	0	0	0	0	0	0	0	0	0	0	0																																																	360	360	360	360	1	0	360	Nametag_Carl(a)	Nametag_Carl(a)	0				0			360	360	360	360	1	0	360	360	360	360	360	1	0	360	0				
Recording062	ProVisioNET_study_108_08	Female	Novice	snapshopt_material_students	1	snapshopt_material_students	Material_Students	0	0	0	0	0	0	0	0	0	0	0	0	0	0	0	0	0	0	0	0	0	0	0	0	0	0	0	0	0	0	0	0	0	0	0	0	0	0	0	0	0	0	0	0	0	0	0	0																																																	640	320	200	440	2	0	200	Material_Students	Material_Students	0				0			660	660	660	660	1	0	660	660	660	660	660	1	0	660	1				
Recording062	ProVisioNET_study_108_08	Female	Novice	snapshopt_material_students	2	snapshopt_material_students	Material_Students	0	0	0	0	0	0	0	0	0	0	0	0	0	0	0	0	0	0	0	0	0	0	0	0	0	0	0	0	0	0	0	0	0	0	0	0	0	0	0	0	0	0	0	0	0	0	0	0																																																	240	240	240	240	1	0	240	Material_Students	Material_Students	0				0			240	240	240	240	1	0	240	240	240	240	240	1	0	240	0				
Recording062	ProVisioNET_study_108_08	Female	Novice	snapshopt_material_students	3	snapshopt_material_students	Material_Students	0	0	0	0	0	0	0	0	0	0	0	0	0	0	0	0	0	0	0	0	0	0	0	0	0	0	0	0	0	0	0	0	0	0	0	0	0	0	0	0	0	0	0	0	0	0	0	0																																																	80	80	80	80	1	0	80	Material_Students		0				0			100	100	100	100	1	0	100	100	100	100	100	1	0	100	0				
Recording062	ProVisioNET_study_108_08	Female	Novice	snapshopt_material_students	4	snapshopt_material_students	Material_Students	0	0	0	0	0	0	0	0	0	0	0	0	0	0	0	0	0	0	0	0	0	0	0	0	0	0	0	0	0	0	0	0	0	0	0	0	0	0	0	1	0	0	0	0	0	0	0	0																																								40									80	80	80	80	1	0	80	Material_Students	Material_Students	0				0			80	80	80	80	1	0	80	80	80	80	80	1	0	80	0				
Recording062	ProVisioNET_study_108_08	Female	Novice	snapshopt_material_students	5	snapshopt_material_students	Material_Students	0	0	0	0	0	0	0	0	0	0	0	0	0	0	0	0	0	0	0	0	0	0	0	0	0	0	0	0	0	0	0	0	0	0	0	0	0	0	0	0	0	0	0	0	0	0	0	0																																																	180	180	180	180	1	0	180	Material_Students		0				0			200	200	200	200	1	0	200	200	200	200	200	1	0	200	0				
Recording062	ProVisioNET_study_108_08	Female	Novice	snapshopt_material_students	6	snapshopt_material_students	Material_Students	0	0	0	0	0	0	0	0	0	0	0	0	0	0	0	0	0	0	0	0	0	0	0	0	0	0	0	0	0	0	0	0	0	0	0	0	0	0	0	0	0	0	0	0	0	0	0	0																																																	140	140	140	140	1	0	140	Material_Students	Material_Students	0				0			140	140	140	140	1	0	140	140	140	140	140	1	0	140	0				
Recording062	ProVisioNET_study_108_08	Female	Novice	snapshopt_material_students	7	snapshopt_material_students	Material_Students	0	0	0	0	0	0	0	0	0	0	0	0	0	0	0	0	0	0	0	0	0	0	0	0	0	0	0	0	0	0	0	0	0	0	1	0	0	0	0	0	0	0	0	0	0	0	0	0																																			161														600	300	100	500	2	0	100	Material_Students	Material_Students	0				0			620	620	620	620	1	0	620	620	620	620	620	1	0	620	0				
Recording062	ProVisioNET_study_108_08	Female	Novice	snapshopt_material_students	8	snapshopt_material_students	Material_Students	0	0	0	0	0	0	0	0	0	0	0	0	0	0	0	0	0	0	0	0	0	0	0	0	0	0	0	0	0	0	0	0	0	0	0	0	0	0	0	0	0	0	0	0	0	0	0	0																																																	80	80	80	80	1	0	80	Material_Students	Material_Students	0				0			80	80	80	80	1	0	80	80	80	80	80	1	0	80	0				
Recording062	ProVisioNET_study_108_08	Female	Novice	snapshopt_material_students	9	snapshopt_material_students	Material_Students	0	0	0	0	0	0	0	0	0	0	0	0	0	0	0	0	0	0	0	0	0	0	0	0	0	0	0	0	0	0	0	0	0	0	0	0	0	0	0	0	0	0	0	0	0	0	0	0																																																	200	200	200	200	1	0	200	Material_Students	Material_Students	0				0			200	200	200	200	1	0	200	200	200	200	200	1	0	200	0				
Recording062	ProVisioNET_study_108_08	Female	Novice	snapshot_classroom_others	1	snapshot_classroom_others	Classroom_Others	0	1	0	0	0	0	0	0	0	0	0	0	0	0	0	0	0	0	0	0	0	0	0	0	0	0	0	0	0	0	0	0	0	0	0	0	0	0	0	0	0	0	0	0	0	0	0	0		4264																																															2998	176	80	400	17	0	400	Classroom_Others	Classroom_Others	0				0			8715	8715	8715	8715	1	0	8715	8715	8715	8715	8715	1	0	8715	13				
Recording062	ProVisioNET_study_108_08	Female	Novice	snapshot_classroom_others	2	snapshot_classroom_others	Classroom_Others	0	0	0	0	0	0	0	0	0	0	0	0	0	0	0	0	0	0	0	0	0	0	0	0	0	0	0	0	0	0	0	0	0	0	0	0	0	0	0	0	0	0	0	0	0	0	0	0																																																	140	140	140	140	1	0	140	Classroom_Others		0				0			4357	4357	4357	4357	1	0	4357	4357	4357	4357	4357	1	0	4357	3				
Recording062	ProVisioNET_study_108_08	Female	Novice	snapshot_classroom_others	3	snapshot_classroom_others	Classroom_Others	0	0	0	0	0	0	0	0	0	0	0	0	0	0	0	0	0	0	0	0	0	0	0	0	0	0	0	0	0	0	0	0	0	0	0	0	0	0	0	0	0	0	0	0	0	0	0	0																																																	4857	442	80	2339	11	0	2339	Classroom_Others	Classroom_Others	0				0			17990	17990	17990	17990	1	0	17990	17990	17990	17990	17990	1	0	17990	15				
Recording062	ProVisioNET_study_108_08	Female	Novice	snapshot_classroom_others	4	snapshot_classroom_others	Classroom_Others	0	0	0	0	0	0	0	0	0	0	0	0	0	0	0	0	0	0	0	0	0	0	0	0	0	0	0	0	0	0	0	0	0	0	0	0	0	0	0	0	0	0	0	0	0	0	0	0																																																	300	150	80	220	2	0	80	Classroom_Others	Classroom_Others	0				0			1079	1079	1079	1079	1	0	1079	1079	1079	1079	1079	1	0	1079	0				
Recording062	ProVisioNET_study_108_08	Female	Novice	snapshot_classroom_others	5	snapshot_classroom_others	Classroom_Others	0	0	0	0	0	0	0	0	0	0	0	0	0	0	0	0	0	0	0	0	0	0	0	0	0	0	0	0	0	0	0	0	0	0	0	0	0	0	0	0	0	0	0	0	0	0	0	0																																																	100	100	100	100	1	0	100	Classroom_Others	Classroom_Others	0				0			100	100	100	100	1	0	100	100	100	100	100	1	0	100	0				
Recording062	ProVisioNET_study_108_08	Female	Novice	snapshot_classroom_others	6	snapshot_classroom_others	Classroom_Others	0	0	0	0	0	0	0	0	0	0	0	0	0	0	0	0	0	0	0	0	0	0	0	0	0	0	0	0	0	0	0	0	0	0	0	0	0	0	0	0	0	0	0	0	0	0	0	0																																																	620	124	80	220	5	0	120	Classroom_Others	Classroom_Others	0				0			10714	10714	10714	10714	1	0	10714	10714	10714	10714	10714	1	0	10714	6				
Recording062	ProVisioNET_study_108_08	Female	Novice	snapshot_classroom_others	7	snapshot_classroom_others	Classroom_Others	0	0	0	0	0	0	0	0	0	0	0	0	0	0	0	0	0	0	0	0	0	0	0	0	0	0	0	0	0	0	0	0	0	0	0	0	0	0	0	0	0	0	0	0	0	0	0	0																																																	2499	227	80	840	11	0	120	Classroom_Others	Classroom_Others	0				0			15751	15751	15751	15751	1	0	15751	15751	15751	15751	15751	1	0	15751	3				
Recording062	ProVisioNET_study_108_08	Female	Novice	snapshot_classroom_others	8	snapshot_classroom_others	Classroom_Others	0	0	0	0	0	0	0	0	0	0	0	0	0	0	0	0	0	0	0	0	0	0	0	0	0	0	0	0	0	0	0	0	0	0	0	0	0	0	0	0	0	0	0	0	0	0	0	0																																																	420	140	80	260	3	0	260	Classroom_Others	Classroom_Others	0				0			600	600	600	600	1	0	600	600	600	600	600	1	0	600	1				
Recording062	ProVisioNET_study_108_08	Female	Novice	snapshot_classroom_others	9	snapshot_classroom_others	Classroom_Others	0	0	0	0	0	0	0	0	0	0	0	0	0	0	0	0	0	0	0	0	0	0	0	0	0	0	0	0	0	0	0	0	0	0	0	0	0	0	0	0	0	0	0	0	0	0	0	0																																																	380	95	80	120	4	0	100	Classroom_Others	Classroom_Others	0				0			1699	1699	1699	1699	1	0	1699	1699	1699	1699	1699	1	0	1699	0				
Recording062	ProVisioNET_study_108_08	Female	Novice	snapshot_classroom_others	10	snapshot_classroom_others	Classroom_Others	0	0	0	0	0	0	0	0	0	0	0	0	0	0	0	0	0	0	0	0	0	0	0	0	0	0	0	0	0	0	0	0	0	0	0	0	0	0	0	0	0	0	0	0	0	0	0	0																																																	3438	573	80	1059	6	0	1059	Classroom_Others	Classroom_Others	0				0			8475	8475	8475	8475	1	0	8475	8475	8475	8475	8475	1	0	8475	4				
Recording062	ProVisioNET_study_108_08	Female	Novice	snapshot_classroom_others	11	snapshot_classroom_others	Classroom_Others	0	0	0	0	0	0	0	0	0	0	0	0	0	0	0	0	0	0	0	0	0	0	0	0	0	0	0	0	0	0	0	0	0	0	0	0	0	0	0	0	0	0	0	0	0	0	0	0																																																	4098	455	80	1479	9	40	120	Classroom_Others	Classroom_Others	0				0			10574	10574	10574	10574	1	0	10574	10574	10574	10574	10574	1	0	10574	17				
Recording062	ProVisioNET_study_108_08	Female	Novice	snapshot_classroom_others	12	snapshot_classroom_others	Classroom_Others	0	0	0	0	0	0	0	0	0	0	0	0	0	0	0	0	0	0	0	0	0	0	0	0	0	0	0	0	0	0	0	0	0	0	0	0	0	0	0	0	0	0	0	0	0	0	0	0																																																	680	680	680	680	1	0	680	Classroom_Others	Classroom_Others	0				0			680	680	680	680	1	0	680	680	680	680	680	1	0	680	0				
Recording062	ProVisioNET_study_108_08	Female	Novice	snapshot_classroom_others	13	snapshot_classroom_others	Classroom_Others	0	0	0	0	0	0	0	0	0	0	0	0	0	0	0	0	0	0	0	0	0	0	0	0	0	0	0	0	0	0	0	0	0	0	0	0	0	0	0	0	0	0	0	0	0	0	0	0																																																	680	136	80	280	5	0	100	Classroom_Others	Classroom_Others	0				0			9255	9255	9255	9255	1	0	9255	9255	9255	9255	9255	1	0	9255	6				
Recording062	ProVisioNET_study_108_08	Female	Novice	snapshot_classroom_others	14	snapshot_classroom_others	Classroom_Others	0	0	0	0	0	0	0	0	0	0	0	0	0	0	0	0	0	0	0	0	0	0	0	0	0	0	0	0	0	0	0	0	0	0	0	0	0	0	0	0	0	0	0	0	0	0	0	0																																																	100	100	100	100	1	40	100	Classroom_Others	Classroom_Others	0				0			140	140	140	140	1	0	140	140	140	140	140	1	0	140	0				
Recording062	ProVisioNET_study_108_08	Female	Novice	snapshot_classroom_others	15	snapshot_classroom_others	Classroom_Others	0	0	0	0	0	0	0	0	0	0	0	0	0	0	0	0	0	0	0	0	0	0	0	0	0	0	0	0	0	0	0	0	0	0	0	0	0	0	0	0	0	0	0	0	0	0	0	0																																																	979	245	80	620	4	100	160	Classroom_Others	Classroom_Others	0				0			3058	3058	3058	3058	1	0	3058	3058	3058	3058	3058	1	0	3058	3				
Recording062	ProVisioNET_study_108_08	Female	Novice	snapshot_classroom_others	16	snapshot_classroom_others	Classroom_Others	0	0	0	0	0	0	0	0	0	0	0	0	0	0	0	0	0	0	0	0	0	0	0	0	0	0	0	0	0	0	0	0	0	0	0	0	0	0	0	0	0	0	0	0	0	0	0	0																																																	1139	190	100	500	6	0	140	Classroom_Others	Classroom_Others	0				0			7995	7995	7995	7995	1	0	7995	7995	7995	7995	7995	1	0	7995	10				
Recording062	ProVisioNET_study_108_08	Female	Novice	snapshot_classroom_others	17	snapshot_classroom_others	Classroom_Others	0	0	0	0	0	0	0	0	0	0	0	0	0	0	0	0	0	0	0	0	0	0	0	0	0	0	0	0	0	0	0	0	0	0	0	0	0	0	0	0	0	0	0	0	0	0	0	0																																																	80	80	80	80	1	0	80	Classroom_Others	Classroom_Others	0				0			80	80	80	80	1	0	80	80	80	80	80	1	0	80	0				
Recording062	ProVisioNET_study_108_08	Female	Novice	snapshot_classroom_others	18	snapshot_classroom_others	Classroom_Others	0	0	0	0	0	0	0	0	0	0	0	0	0	0	0	0	0	0	0	0	0	0	0	0	0	0	0	0	0	0	0	0	0	0	0	0	0	0	0	0	0	0	0	0	0	0	0	0																																																	2918	1459	680	2239	2	0	680	Classroom_Others	Classroom_Others	0				0			2938	2938	2938	2938	1	0	2938	2938	2938	2938	2938	1	0	2938	1				
Recording062	ProVisioNET_study_108_08	Female	Novice	snapshot_classroom_others	19	snapshot_classroom_others	Classroom_Others	0	0	0	0	0	0	0	0	0	0	0	0	0	0	0	0	0	0	0	0	0	0	0	0	0	0	0	0	0	0	0	0	0	0	0	0	0	0	0	0	0	0	0	0	0	1	1	0																																														14743	2087		3838	426	80	1479	9	0	80	Classroom_Others	Classroom_Others	0				0			18729	18729	18729	18729	1	0	18729	18729	18729	18729	18729	1	0	18729	13				
Recording062	ProVisioNET_study_108_08	Female	Novice	snapshot_classroom_others	20	snapshot_classroom_others	Classroom_Others	0	0	0	0	0	0	0	0	0	0	0	0	0	0	0	0	0	0	0	0	0	0	0	0	0	0	0	0	0	0	0	0	0	0	0	0	0	0	0	0	0	0	0	0	0	0	0	0																																																	840	210	140	260	4	0	140	Classroom_Others	Classroom_Others	0				0			3278	3278	3278	3278	1	0	3278	3278	3278	3278	3278	1	0	3278	4				
Recording062	ProVisioNET_study_108_08	Female	Novice	snapshot_classroom_others	21	snapshot_classroom_others	Classroom_Others	0	0	0	0	0	0	0	0	0	0	0	0	0	0	0	0	0	0	0	0	0	0	0	0	0	0	0	0	0	0	0	0	0	0	0	0	0	0	0	0	0	0	0	0	0	0	0	0																																																	300	150	100	200	2	0	100	Classroom_Others	Classroom_Others	0				0			4078	4078	4078	4078	1	0	4078	4078	4078	4078	4078	1	0	4078	3				
Recording062	ProVisioNET_study_108_08	Female	Novice	snapshot_classroom_others	22	snapshot_classroom_others	Classroom_Others	0	0	0	0	0	0	0	0	0	0	0	0	0	0	0	0	0	0	0	0	0	0	0	0	0	0	0	0	0	0	0	0	0	0	0	0	0	0	0	0	0	0	0	0	0	0	0	0																																																	360	180	160	200	2	0	160	Classroom_Others		0				0			460	460	460	460	1	0	460	460	460	460	460	1	0	460	0				
Recording062	ProVisioNET_study_108_08	Female	Novice	snapshot_classroom_others	23	snapshot_classroom_others	Classroom_Others	0	0	0	0	0	0	0	0	0	0	0	0	0	0	0	0	0	0	0	0	0	0	0	0	0	0	0	0	0	0	0	0	0	0	0	0	0	0	0	0	0	0	0	0	0	0	0	0																																																	220	220	220	220	1	0	220	Classroom_Others	Classroom_Others	0				0			220	220	220	220	1	0	220	220	220	220	220	1	0	220	0				
Recording062	ProVisioNET_study_108_08	Female	Novice	snapshot_classroom_others	24	snapshot_classroom_others	Classroom_Others	0	0	0	0	0	0	0	0	0	0	0	0	0	0	0	0	0	0	0	0	0	0	0	0	0	0	0	0	0	0	1	1	0	0	0	0	0	0	0	0	0	0	0	0	0	0	0	0																															3336	3551																	3238	249	80	1239	13	0	220	Classroom_Others	Classroom_Others	0				0			11933	11933	11933	11933	1	0	11933	11933	11933	11933	11933	1	0	11933	16				
Recording062	ProVisioNET_study_108_08	Female	Novice	snapshot_classroom_others	25	snapshot_classroom_others	Classroom_Others	0	0	0	0	0	0	0	0	0	0	0	0	0	0	0	0	0	0	0	0	0	0	0	0	0	0	0	0	0	0	0	0	0	0	0	0	0	0	0	0	0	0	0	0	0	0	0	0																																																	460	230	120	340	2	0	120	Classroom_Others	Classroom_Others	0				0			480	480	480	480	1	0	480	480	480	480	480	1	0	480	1				
Recording062	ProVisioNET_study_108_08	Female	Novice	snapshot_classroom_others	26	snapshot_classroom_others	Classroom_Others	0	0	0	0	0	0	0	0	0	0	0	0	0	0	0	0	0	0	0	0	0	0	0	0	0	0	0	0	0	0	0	0	0	0	0	0	0	0	0	0	0	0	0	0	0	0	0	0																																																	80	80	80	80	1	0	80	Classroom_Others	Classroom_Others	0				0			80	80	80	80	1	0	80	80	80	80	80	1	0	80	0				
Recording062	ProVisioNET_study_108_08	Female	Novice	snapshot_classroom_others	27	snapshot_classroom_others	Classroom_Others	0	0	0	0	0	0	0	0	0	0	0	0	0	0	0	0	0	0	0	0	0	0	0	0	0	0	0	0	0	0	0	0	0	0	0	0	0	0	0	0	0	0	0	0	0	0	0	0																																																	440	110	80	140	4	0	80	Classroom_Others	Classroom_Others	0				0			540	540	540	540	1	0	540	540	540	540	540	1	0	540	0				
Recording062	ProVisioNET_study_108_08	Female	Novice	snapshot_classroom_others	28	snapshot_classroom_others	Classroom_Others	0	0	0	0	0	0	0	0	0	0	0	0	0	0	0	0	0	0	0	0	0	0	0	0	0	0	0	0	0	0	0	0	0	0	0	0	0	0	0	0	0	0	0	0	0	0	0	0																																																	340	340	340	340	1	0	340	Classroom_Others		0				0			360	360	360	360	1	0	360	360	360	360	360	1	0	360	0				
Recording062	ProVisioNET_study_108_08	Female	Novice	snapshot_classroom_others	29	snapshot_classroom_others	Classroom_Others	0	0	0	0	0	0	0	0	0	0	0	0	0	0	0	0	0	0	0	0	0	0	0	0	0	0	0	0	0	0	0	0	0	0	0	0	0	0	0	0	0	0	0	0	0	0	0	0																																																	740	247	80	520	3	0	80	Classroom_Others	Classroom_Others	0				0			1799	1799	1799	1799	1	0	1799	1799	1799	1799	1799	1	0	1799	1				
Recording062	ProVisioNET_study_108_08	Female	Novice	snapshot_classroom_others	30	snapshot_classroom_others	Classroom_Others	0	0	0	0	0	0	0	0	0	0	0	0	0	0	0	0	0	0	0	0	0	0	0	0	0	0	0	0	0	0	0	0	0	0	0	0	0	0	0	0	0	0	0	0	0	0	0	0																																																	720	144	100	240	5	0	140	Classroom_Others	Classroom_Others	0				0			2299	2299	2299	2299	1	0	2299	2299	2299	2299	2299	1	0	2299	2				
Recording062	ProVisioNET_study_108_08	Female	Novice	snapshot_classroom_others	31	snapshot_classroom_others	Classroom_Others	0	0	0	0	0	0	0	0	0	0	0	0	0	0	0	0	0	0	0	0	0	0	0	0	0	0	0	0	0	0	0	0	0	0	0	0	0	0	0	0	0	0	0	0	0	0	0	0																																																	1019	146	80	280	7	0	80	Classroom_Others	Classroom_Others	0				0			5257	5257	5257	5257	1	0	5257	5257	5257	5257	5257	1	0	5257	1				
Recording062	ProVisioNET_study_108_08	Female	Novice	snapshot_classroom_others	32	snapshot_classroom_others	Classroom_Others	0	0	0	0	0	0	0	0	0	0	0	1	0	0	0	0	0	0	0	0	0	0	0	0	0	0	0	0	0	0	0	0	0	0	1	0	0	0	0	0	0	0	0	0	0	0	0	0												9883																							8956														2479	155	80	440	16	0	440	Classroom_Others	Classroom_Others	0				0			21887	21887	21887	21887	1	0	21887	21887	21887	21887	21887	1	0	21887	11				
Recording062	ProVisioNET_study_108_08	Female	Novice	snapshot_classroom_others	33	snapshot_classroom_others	Classroom_Others	0	0	0	0	0	0	0	0	0	0	0	0	0	0	0	0	0	0	0	0	0	0	0	0	0	0	0	0	0	0	0	0	0	0	0	0	0	0	0	0	0	0	0	0	0	0	0	0																																																	120	120	120	120	1	0	120	Classroom_Others	Classroom_Others	0				0			120	120	120	120	1	0	120	120	120	120	120	1	0	120	0				
Recording062	ProVisioNET_study_108_08	Female	Novice	snapshot_classroom_others	34	snapshot_classroom_others	Classroom_Others	0	0	0	0	0	0	0	0	0	0	0	0	0	0	0	0	0	0	0	0	0	0	0	0	0	0	0	0	0	0	0	0	0	0	0	0	0	0	0	0	0	0	0	0	0	0	0	0																																																	939	157	80	460	6	0	460	Classroom_Others		0				0			4078	4078	4078	4078	1	0	4078	4078	4078	4078	4078	1	0	4078	4				
Recording062	ProVisioNET_study_108_08	Female	Novice	snapshot_classroom_others	35	snapshot_classroom_others	Classroom_Others	0	0	0	0	0	0	0	0	0	0	0	0	0	0	0	0	0	0	0	0	0	0	0	0	0	0	0	0	0	0	0	0	0	0	0	0	0	0	0	0	0	0	0	0	0	0	0	0																																																	999	333	80	800	3	0	800	Classroom_Others	Classroom_Others	0				0			2239	2239	2239	2239	1	0	2239	2239	2239	2239	2239	1	0	2239	1				
Recording062	ProVisioNET_study_108_08	Female	Novice	snapshot_classroom_others	36	snapshot_classroom_others	Classroom_Others	0	0	0	0	0	0	0	0	0	0	0	0	0	0	0	0	0	0	0	0	0	0	0	0	0	0	0	0	0	0	0	0	0	0	0	0	0	0	0	0	0	0	0	0	0	0	0	0																																																	680	136	80	200	5	0	200	Classroom_Others	Classroom_Others	0				0			2638	2638	2638	2638	1	0	2638	2638	2638	2638	2638	1	0	2638	3				
Recording062	ProVisioNET_study_108_08	Female	Novice	snapshot_classroom_others	37	snapshot_classroom_others	Classroom_Others	0	0	0	0	0	0	0	0	0	0	0	0	0	0	0	0	0	0	0	0	0	0	0	0	0	0	0	0	0	0	0	0	0	0	0	0	0	0	0	0	1	0	0	1	1	0	0	0																																									8589			9774	6833				1479	185	80	660	8	0	80	Classroom_Others	Classroom_Others	0				0			11473	11473	11473	11473	1	0	11473	11473	11473	11473	11473	1	0	11473	4				
Recording062	ProVisioNET_study_108_08	Female	Novice	snapshot_classroom_others	38	snapshot_classroom_others	Classroom_Others	0	0	0	0	0	0	0	0	0	0	0	0	0	0	0	0	0	0	0	0	0	0	0	0	0	0	0	0	0	0	0	0	0	0	0	0	0	0	0	0	0	0	0	0	0	0	0	0																																																	2039	227	80	480	9	0	100	Classroom_Others	Classroom_Others	0				0			10834	10834	10834	10834	1	0	10834	10834	10834	10834	10834	1	0	10834	3				
Recording062	ProVisioNET_study_108_08	Female	Novice	snapshot_classroom_others	39	snapshot_classroom_others	Classroom_Others	0	0	0	0	0	0	0	0	0	0	0	0	0	0	0	0	0	0	0	0	0	0	0	0	0	0	0	0	0	0	0	0	0	0	0	0	0	0	0	0	0	0	1	0	0	0	0	0																																											2273						1619	270	100	480	6	0	220	Classroom_Others	Classroom_Others	0				0			9494	9494	9494	9494	1	0	9494	9494	9494	9494	9494	1	0	9494	4				
Recording062	ProVisioNET_study_108_08	Female	Novice	snapshot_classroom_others	40	snapshot_classroom_others	Classroom_Others	0	0	0	0	0	0	0	0	0	0	0	0	0	0	0	0	0	0	0	0	0	0	0	0	0	0	0	0	0	0	0	0	0	0	0	0	0	0	0	0	0	0	0	0	0	0	0	0																																																	3658	261	120	660	14	40	140	Classroom_Others		0				0			18889	18889	18889	18889	1	0	18889	18889	18889	18889	18889	1	0	18889	17				
Recording062	ProVisioNET_study_108_08	Female	Novice	snapshot_classroom_others	41	snapshot_classroom_others	Classroom_Others	0	0	0	0	0	0	0	0	0	0	0	0	0	0	0	0	0	0	1	0	0	0	0	0	0	0	0	0	0	0	0	0	0	0	0	0	1	0	0	0	0	0	0	0	0	0	0	0																			3256																		6811												3638	606	100	1979	6	0	1979	Classroom_Others	Classroom_Others	0				0			7356	7356	7356	7356	1	0	7356	7356	7356	7356	7356	1	0	7356	7				
Recording062	ProVisioNET_study_108_08	Female	Novice	snapshot_classroom_others	42	snapshot_classroom_others	Classroom_Others	0	0	0	0	0	0	0	0	0	0	0	0	0	0	0	0	0	0	0	0	0	0	0	0	0	0	0	0	0	0	0	0	0	0	0	0	0	0	0	0	0	0	0	0	0	0	0	0																																																	4617	385	80	1119	12	0	100	Classroom_Others	Classroom_Others	0				0			9275	9275	9275	9275	1	0	9275	9275	9275	9275	9275	1	0	9275	13				
Recording062	ProVisioNET_study_108_08	Female	Novice	snapshot_classroom_others	43	snapshot_classroom_others	Classroom_Others	0	0	0	0	0	0	0	0	0	0	0	0	0	0	0	0	0	0	0	0	0	0	0	0	0	0	0	0	0	0	0	0	0	0	0	0	0	0	0	0	0	0	0	0	0	0	0	0																																																	2438	305	80	800	8	0	620	Classroom_Others	Classroom_Others	0				0			6796	6796	6796	6796	1	0	6796	6796	6796	6796	6796	1	0	6796	3				
Recording062	ProVisioNET_study_108_08	Female	Novice	snapshot_classroom_others	44	snapshot_classroom_others	Classroom_Others	0	0	0	0	0	0	0	0	0	0	0	0	0	0	0	0	0	0	0	0	0	0	0	0	0	0	0	0	0	0	0	0	0	0	0	0	0	0	0	0	0	0	0	0	0	0	0	0																																																	220	220	220	220	1	0	220	Classroom_Others	Classroom_Others	0				0			220	220	220	220	1	0	220	220	220	220	220	1	0	220	0				
Recording062	ProVisioNET_study_108_08	Female	Novice	snapshot_classroom_others	45	snapshot_classroom_others	Classroom_Others	0	0	0	0	0	0	0	0	0	0	0	0	0	0	0	0	0	0	0	0	0	0	0	0	0	0	0	0	0	0	0	0	0	0	0	0	0	0	0	0	0	0	0	0	0	0	0	0																																																	80	80	80	80	1	0	80	Classroom_Others		0				0			100	100	100	100	1	0	100	100	100	100	100	1	0	100	0				
Recording062	ProVisioNET_study_108_08	Female	Novice	snapshot_classroom_others	46	snapshot_classroom_others	Classroom_Others	0	0	0	0	0	0	0	0	0	0	0	0	0	0	0	0	0	0	0	0	0	0	0	0	0	0	0	0	0	0	0	0	0	0	0	0	0	0	0	0	0	0	0	0	0	0	0	0																																																	80	80	80	80	1	0	80	Classroom_Others	Classroom_Others	0				0			80	80	80	80	1	0	80	80	80	80	80	1	0	80	0				
Recording062	ProVisioNET_study_108_08	Female	Novice	snapshot_classroom_others	47	snapshot_classroom_others	Classroom_Others	0	0	0	0	0	0	0	0	0	0	0	0	0	0	0	0	0	0	0	0	0	0	0	0	0	0	0	0	0	0	0	0	0	0	0	0	0	0	0	0	0	0	0	0	0	0	0	0																																																	1919	320	80	919	6	0	160	Classroom_Others	Classroom_Others	0				0			8715	8715	8715	8715	1	0	8715	8715	8715	8715	8715	1	0	8715	4				
Recording062	ProVisioNET_study_108_08	Female	Novice	snapshot_classroom_others	48	snapshot_classroom_others	Classroom_Others	0	0	0	0	0	0	0	0	0	0	0	0	0	0	0	0	0	0	0	0	0	0	0	0	0	0	0	0	0	0	0	0	0	0	0	0	0	0	0	0	0	0	0	0	0	0	0	0																																																	520	173	160	180	3	0	160	Classroom_Others	Classroom_Others	0				0			1559	1559	1559	1559	1	0	1559	1559	1559	1559	1559	1	0	1559	2				
Recording062	ProVisioNET_study_108_08	Female	Novice	snapshot_classroom_others	49	snapshot_classroom_others	Classroom_Others	0	0	0	0	0	0	0	0	0	0	0	0	0	0	0	0	0	0	0	0	0	0	0	0	0	0	0	0	0	0	0	0	0	0	0	0	0	0	0	0	0	0	0	0	0	0	0	0																																																	560	280	80	480	2	0	80	Classroom_Others	Classroom_Others	0				0			1979	1979	1979	1979	1	0	1979	1979	1979	1979	1979	1	0	1979	0				
Recording062	ProVisioNET_study_108_08	Female	Novice	snapshot_classroom_others	50	snapshot_classroom_others	Classroom_Others	0	0	0	0	0	0	0	0	0	0	0	0	0	0	0	0	0	0	0	0	0	0	0	0	0	0	0	0	0	0	0	0	0	0	0	0	0	0	0	0	0	0	0	0	0	0	0	0																																																	180	90	80	100	2	0	100	Classroom_Others	Classroom_Others	0				0			200	200	200	200	1	0	200	200	200	200	200	1	0	200	0				
Recording062	ProVisioNET_study_108_08	Female	Novice	snapshot_classroom_others	51	snapshot_classroom_others	Classroom_Others	0	0	0	0	0	0	0	0	0	0	0	0	0	0	0	0	0	0	0	0	0	0	0	0	0	0	0	0	0	0	0	0	0	0	0	0	0	0	0	0	0	0	0	0	0	0	0	0																																																	1419	710	680	740	2	0	740	Classroom_Others	Classroom_Others	0				0			1439	1439	1439	1439	1	0	1439	1439	1439	1439	1439	1	0	1439	1				
Recording062	ProVisioNET_study_108_08	Female	Novice	snapshot_classroom_others	52	snapshot_classroom_others	Classroom_Others	0	0	0	0	0	0	0	0	0	0	0	0	0	0	0	0	0	0	0	0	0	0	0	0	0	0	0	0	0	0	0	0	0	0	0	0	0	0	0	0	0	0	0	0	0	0	0	0																																																	360	360	360	360	1	0	360	Classroom_Others	Classroom_Others	0				0			360	360	360	360	1	0	360	360	360	360	360	1	0	360	0				
Recording062	ProVisioNET_study_108_08	Female	Novice	snapshot_classroom_others	53	snapshot_classroom_others	Classroom_Others	0	0	0	0	0	0	0	0	0	0	0	0	0	0	0	0	0	0	0	0	0	0	0	0	0	0	0	0	0	0	0	0	0	1	0	0	0	0	0	0	0	0	0	0	0	0	0	0																																		462															400	133	80	240	3	0	240	Classroom_Others		0				0			500	500	500	500	1	0	500	500	500	500	500	1	0	500	2				
Recording062	ProVisioNET_study_108_08	Female	Novice	snapshot_classroom_others	54	snapshot_classroom_others	Classroom_Others	0	0	0	0	0	0	0	1	0	0	0	0	0	0	0	0	0	0	0	0	0	0	0	0	0	0	0	0	0	0	0	0	0	0	0	0	0	0	0	0	0	0	0	0	0	0	0	0								9632																																									2538	317	80	1259	8	0	80	Classroom_Others	Classroom_Others	0				0			10314	10314	10314	10314	1	0	10314	10314	10314	10314	10314	1	0	10314	7				
Recording062	ProVisioNET_study_108_08	Female	Novice	snapshot_classroom_others	55	snapshot_classroom_others	Classroom_Others	0	0	0	0	0	0	0	0	0	0	0	0	0	0	0	0	0	0	0	0	0	0	0	0	0	0	0	0	0	0	0	0	0	0	0	0	0	0	0	0	0	0	0	0	0	0	0	0																																																	160	160	160	160	1	0	160	Classroom_Others	Classroom_Others	0				0			160	160	160	160	1	0	160	160	160	160	160	1	0	160	0				
Recording062	ProVisioNET_study_108_08	Female	Novice	snapshot_classroom_others	56	snapshot_classroom_others	Classroom_Others	0	0	0	0	0	0	0	0	0	0	0	0	0	0	0	0	0	0	0	0	0	0	0	0	0	0	0	0	0	0	0	0	0	0	0	0	0	0	0	0	0	0	0	0	0	0	0	0																																																	979	979	979	979	1	0	979	Classroom_Others	Classroom_Others	0				0			979	979	979	979	1	0	979	979	979	979	979	1	0	979	0				
Recording062	ProVisioNET_study_108_08	Female	Novice	snapshot_classroom_others	57	snapshot_classroom_others	Classroom_Others	0	0	0	0	0	0	0	0	0	0	0	0	0	0	0	0	0	0	0	0	0	0	0	0	0	0	0	0	0	0	0	0	0	0	0	0	0	0	0	0	0	0	0	0	0	0	0	0																																																	120	120	120	120	1	40	120	Classroom_Others	Classroom_Others	0				0			160	160	160	160	1	0	160	160	160	160	160	1	0	160	0				
Recording062	ProVisioNET_study_108_08	Female	Novice	snapshot_classroom_others	58	snapshot_classroom_others	Classroom_Others	0	0	0	0	0	0	0	0	0	0	0	0	0	0	0	0	0	0	0	0	0	0	0	0	0	0	0	0	0	0	0	0	0	0	0	0	0	0	0	0	0	0	0	0	0	0	0	0																																																	460	460	460	460	1	0	460	Classroom_Others	Classroom_Others	0				0			460	460	460	460	1	0	460	460	460	460	460	1	0	460	0				
Recording062	ProVisioNET_study_108_08	Female	Novice	snapshot_classroom_others	59	snapshot_classroom_others	Classroom_Others	0	0	0	0	0	0	0	0	0	0	0	0	0	0	0	0	0	0	0	0	0	0	0	0	0	0	0	0	0	0	0	0	0	0	0	0	0	0	0	0	0	0	0	0	0	0	0	0																																																	2059	412	120	1379	5	0	1379	Classroom_Others	Classroom_Others	0				0			5936	5936	5936	5936	1	0	5936	5936	5936	5936	5936	1	0	5936	9				
Recording062	ProVisioNET_study_108_08	Female	Novice	snapshot_classroom_others	60	snapshot_classroom_others	Classroom_Others	0	0	0	0	0	0	0	0	0	0	0	0	0	0	0	0	0	0	0	0	0	0	0	0	0	0	0	0	0	0	0	0	0	0	0	0	0	0	0	0	0	0	0	0	0	0	0	0																																																	720	360	180	540	2	0	540	Classroom_Others	Classroom_Others	0				0			3418	3418	3418	3418	1	0	3418	3418	3418	3418	3418	1	0	3418	5				
Recording062	ProVisioNET_study_108_08	Female	Novice	snapshot_classroom_others	61	snapshot_classroom_others	Classroom_Others	0	0	0	0	0	0	0	0	0	0	0	0	0	0	0	0	0	0	0	0	0	0	0	0	0	1	0	0	0	0	0	0	0	0	0	0	0	0	0	0	0	0	0	0	0	0	0	0																										16740																							3478	232	80	580	15	0	140	Classroom_Others	Classroom_Others	0				0			20068	20068	20068	20068	1	0	20068	20068	20068	20068	20068	1	0	20068	14				
Recording062	ProVisioNET_study_108_08	Female	Novice	snapshot_disruptive_person	1	snapshot_disruptive_person	Disruptive_Person	0	0	0	0	0	0	0	0	0	0	0	0	0	0	0	0	0	0	0	0	0	0	0	0	0	0	0	0	0	0	0	0	0	0	0	0	0	0	0	0	0	0	0	0	0	0	0	0																																																	100	100	100	100	1	0	100	Disruptive_Person	Disruptive_Person	0				0			100	100	100	100	1	0	100	100	100	100	100	1	0	100	0				
Recording062	ProVisioNET_study_108_08	Female	Novice	snapshot_disruptive_person	2	snapshot_disruptive_person	Disruptive_Person	0	0	0	0	0	0	0	0	0	0	0	0	0	0	0	0	0	0	0	0	0	0	0	0	0	0	0	0	0	0	0	0	0	0	0	0	0	0	0	0	0	0	0	0	0	0	0	0																																																	640	320	200	440	2	0	200	Disruptive_Person	Disruptive_Person	0				0			660	660	660	660	1	0	660	660	660	660	660	1	0	660	1				
Recording062	ProVisioNET_study_108_08	Female	Novice	snapshot_disruptive_person	3	snapshot_disruptive_person	Disruptive_Person	0	0	0	0	0	0	0	0	0	0	0	0	0	0	0	0	0	0	0	0	0	0	0	0	0	0	0	0	0	0	0	0	0	0	0	0	0	0	0	0	0	1	0	0	0	0	0	0																																										4418							2219	247	80	520	9	0	520	Disruptive_Person	Disruptive_Person	0				0			5837	5837	5837	5837	1	0	5837	5837	5837	5837	5837	1	0	5837	5				
Recording062	ProVisioNET_study_108_08	Female	Novice	snapshot_disruptive_person	4	snapshot_disruptive_person	Disruptive_Person	0	0	0	0	0	0	0	0	0	0	0	0	0	0	0	0	0	0	0	0	0	0	0	0	0	0	0	0	0	0	0	0	1	0	0	0	0	0	0	1	0	0	0	0	0	0	0	0																																	140							26485									20608	412	80	1699	50	0	280	Disruptive_Person	Disruptive_Person	0				0			29603	29603	29603	29603	1	0	29603	29603	29603	29603	29603	1	0	29603	15				
Recording062	ProVisioNET_study_108_08	Female	Novice	snapshot_disruptive_person	5	snapshot_disruptive_person	Disruptive_Person	0	0	0	0	0	0	0	0	0	0	0	0	0	0	0	0	0	0	0	0	0	0	0	1	0	0	0	0	0	0	0	0	0	0	0	0	0	0	1	0	0	0	0	0	0	0	0	0																								4604															4182										2918	486	140	1259	6	0	500	Disruptive_Person	Disruptive_Person	0				0			4977	4977	4977	4977	1	0	4977	4977	4977	4977	4977	1	0	4977	0				
Recording062	ProVisioNET_study_108_08	Female	Novice	snapshot_disruptive_person	6	snapshot_disruptive_person	Disruptive_Person	0	0	0	0	0	0	0	0	0	0	0	1	0	0	0	0	0	0	0	0	0	0	0	0	0	0	0	0	0	0	0	0	0	0	1	0	0	0	0	0	0	0	0	0	0	0	0	0												1567																							641														1779	445	100	800	4	40	380	Disruptive_Person	Disruptive_Person	0				0			2079	2079	2079	2079	1	0	2079	2079	2079	2079	2079	1	0	2079	1				
Recording062	ProVisioNET_study_108_08	Female	Novice	snapshot_disruptive_person	7	snapshot_disruptive_person	Disruptive_Person	0	0	0	0	0	0	0	0	0	0	0	0	0	0	0	0	0	0	0	0	0	0	0	0	0	0	0	0	0	0	0	0	0	0	0	0	0	0	0	0	1	0	0	1	0	0	0	0																																									1034			2218					1659	237	120	440	7	0	200	Disruptive_Person	Disruptive_Person	0				0			2299	2299	2299	2299	1	0	2299	2299	2299	2299	2299	1	0	2299	2				
Recording062	ProVisioNET_study_108_08	Female	Novice	snapshot_disruptive_person	8	snapshot_disruptive_person	Disruptive_Person	0	0	0	0	0	0	0	0	0	0	0	0	0	0	0	0	0	1	0	0	0	0	0	0	0	0	0	0	0	0	0	0	0	0	0	0	1	0	0	0	0	0	0	0	0	0	0	0																		4370																			2573												2878	576	120	2119	5	0	120	Disruptive_Person	Disruptive_Person	0				0			5437	5437	5437	5437	1	0	5437	5437	5437	5437	5437	1	0	5437	5				
Recording062	ProVisioNET_study_108_08	Female	Novice	snapshot_disruptive_person	9	snapshot_disruptive_person	Disruptive_Person	0	0	0	0	0	0	0	0	0	0	0	0	0	0	0	0	0	0	0	0	0	0	0	0	0	0	0	0	0	0	0	0	0	0	0	0	0	1	0	0	0	0	0	0	0	0	0	0																																						1081											2139	428	80	959	5	0	80	Disruptive_Person		0				0			2958	2958	2958	2958	1	0	2958	2958	2958	2958	2958	1	0	2958	1				
Recording062	ProVisioNET_study_108_08	Female	Novice	snapshot_disruptive_person	10	snapshot_disruptive_person	Disruptive_Person	0	0	0	0	0	0	0	0	1	0	0	0	0	0	0	0	0	0	0	0	0	0	0	0	0	0	0	0	0	0	0	0	0	1	0	0	0	0	0	0	0	0	0	0	0	0	0	0									5943																									5079															2678	383	100	1799	7	120	1799	Disruptive_Person	Disruptive_Person	0				0			6276	6276	6276	6276	1	0	6276	6276	6276	6276	6276	1	0	6276	8				
Recording062	ProVisioNET_study_108_08	Female	Novice	snapshot_material_teacher	1	snapshot_material_teacher	Material_Teacher	0	0	0	0	0	0	0	0	0	0	0	0	0	0	0	0	0	0	0	0	0	0	0	0	0	0	0	0	0	0	0	0	0	0	0	0	0	0	0	0	0	0	0	0	0	0	0	0																																																	280	140	80	200	2	0	80	Material_Teacher	Material_Teacher	0				0			340	340	340	340	1	0	340	340	340	340	340	1	0	340	1				
Recording062	ProVisioNET_study_108_08	Female	Novice	snapshot_material_teacher	2	snapshot_material_teacher	Material_Teacher	0	0	0	0	0	0	0	0	0	0	0	0	0	0	0	0	0	0	0	0	0	0	0	0	0	0	0	0	0	0	0	0	0	0	0	0	0	0	0	0	0	0	0	0	0	0	0	0																																																	840	280	100	400	3	0	100	Material_Teacher	Material_Teacher	0				0			1179	1179	1179	1179	1	0	1179	1179	1179	1179	1179	1	0	1179	0				
Recording062	ProVisioNET_study_108_08	Female	Novice	snapshot_material_teacher	3	snapshot_material_teacher	Material_Teacher	0	0	0	0	0	0	0	0	0	0	0	0	0	0	0	0	0	0	0	0	0	0	0	0	0	0	0	0	0	0	0	0	0	0	0	0	0	0	0	0	0	0	0	0	0	0	0	0																																																	400	200	160	240	2	0	240	Material_Teacher	Material_Teacher	0				0			2539	2539	2539	2539	1	0	2539	2539	2539	2539	2539	1	0	2539	4				
Recording062	ProVisioNET_study_108_08	Female	Novice	snapshot_material_teacher	4	snapshot_material_teacher	Material_Teacher	0	0	0	0	0	0	0	0	0	0	0	0	0	0	0	0	0	0	0	0	0	0	0	0	0	0	0	0	0	0	0	0	0	0	0	0	0	0	0	0	0	0	0	0	0	0	0	0																																																	80	80	80	80	1	0	80	Material_Teacher		0				0			280	280	280	280	1	0	280	280	280	280	280	1	0	280	0				
Recording062	ProVisioNET_study_108_08	Female	Novice	snapshot_material_teacher	5	snapshot_material_teacher	Material_Teacher	0	0	0	0	0	0	0	0	0	0	0	0	0	0	0	0	0	0	0	0	0	0	0	0	0	0	0	0	0	0	0	0	0	0	0	0	0	0	0	0	0	0	0	0	0	0	0	0																																																	1379	345	120	800	4	0	120	Material_Teacher	Material_Teacher	0				0			7156	7156	7156	7156	1	0	7156	7156	7156	7156	7156	1	0	7156	2				
Recording062	ProVisioNET_study_108_08	Female	Novice	snapshot_material_teacher	6	snapshot_material_teacher	Material_Teacher	0	0	0	0	0	0	0	0	0	0	0	0	0	0	0	0	0	0	0	0	0	0	0	0	0	0	0	0	0	0	0	0	0	0	0	0	0	0	0	0	0	0	0	0	0	0	0	0																																																	360	180	80	280	2	0	80	Material_Teacher	Material_Teacher	0				0			440	440	440	440	1	0	440	440	440	440	440	1	0	440	1				
Recording062	ProVisioNET_study_108_08	Female	Novice	snapshot_material_teacher	7	snapshot_material_teacher	Material_Teacher	0	0	0	0	0	0	0	0	0	0	0	0	0	0	0	0	0	0	0	0	0	0	0	0	0	0	0	0	0	0	0	0	0	0	0	0	0	0	0	0	0	0	0	0	0	0	0	0																																																	1259	315	100	899	4	40	100	Material_Teacher	Material_Teacher	0				0			1459	1459	1459	1459	1	0	1459	1459	1459	1459	1459	1	0	1459	3				
Recording062	ProVisioNET_study_108_08	Female	Novice	snapshot_material_teacher	8	snapshot_material_teacher	Material_Teacher	0	0	0	0	0	0	0	0	0	0	0	0	0	0	0	0	0	0	0	0	0	0	0	0	0	0	0	0	0	0	0	0	0	0	0	0	0	0	0	0	0	0	0	0	0	0	0	0																																																	120	120	120	120	1	0	120	Material_Teacher	Material_Teacher	0				0			120	120	120	120	1	0	120	120	120	120	120	1	0	120	0				
Recording062	ProVisioNET_study_108_08	Female	Novice	snapshot_material_teacher	9	snapshot_material_teacher	Material_Teacher	0	0	0	0	0	0	0	0	0	0	0	0	0	0	0	1	0	0	0	0	0	0	0	0	0	0	0	0	0	0	0	0	0	0	0	0	0	0	0	0	0	0	0	0	0	0	0	0																2239																																	10954	296	80	1519	37	0	1519	Material_Teacher	Material_Teacher	0				0			27184	27184	27184	27184	1	0	27184	27184	27184	27184	27184	1	0	27184	32				
Recording062	ProVisioNET_study_108_08	Female	Novice	snapshot_material_teacher	10	snapshot_material_teacher	Material_Teacher	0	0	0	0	0	0	0	0	0	0	0	0	0	0	0	0	0	0	0	0	0	0	0	0	0	0	0	0	0	0	0	0	0	0	0	0	0	0	0	0	0	0	0	0	0	0	0	0																																																	740	247	180	320	3	0	240	Material_Teacher	Material_Teacher	0				0			800	800	800	800	1	0	800	800	800	800	800	1	0	800	2				
Recording062	ProVisioNET_study_108_08	Female	Novice	snapshot_material_teacher	11	snapshot_material_teacher	Material_Teacher	0	0	0	0	0	0	0	0	0	0	0	0	0	0	0	0	0	0	0	0	0	0	0	0	0	0	0	0	0	0	0	0	0	0	0	0	0	0	0	0	0	0	0	0	0	0	0	0																																																	979	490	180	800	2	0	800	Material_Teacher	Material_Teacher	0				0			1019	1019	1019	1019	1	0	1019	1019	1019	1019	1019	1	0	1019	1				
Recording062	ProVisioNET_study_108_08	Female	Novice	snapshot_material_teacher	12	snapshot_material_teacher	Material_Teacher	0	0	0	0	0	0	0	0	0	0	0	0	0	0	0	0	0	0	0	0	0	0	0	0	0	0	0	0	0	0	0	0	0	0	0	0	0	0	0	0	0	0	0	0	0	0	0	2																																																47093	26225	514	80	1639	51	0	140	Material_Teacher	Material_Teacher	0				0			47193	47193	47193	47193	1	0	47193	47193	47193	47193	47193	1	0	47193	46				
Recording062	ProVisioNET_study_108_08	Female	Novice	snapshot_material_teacher	13	snapshot_material_teacher	Material_Teacher	0	0	0	0	0	0	0	0	0	0	0	0	0	0	0	0	0	0	0	0	0	0	0	0	0	0	0	0	0	0	0	0	0	0	0	0	0	0	0	0	0	0	0	0	0	1	0	0																																														11205			18969	759	80	5317	25	0	520	Material_Teacher	Material_Teacher	0				0			35399	35399	35399	35399	1	0	35399	35399	35399	35399	35399	1	0	35399	28				
Recording062	ProVisioNET_study_108_08	Female	Novice	snapshot_material_teacher	14	snapshot_material_teacher	Material_Teacher	0	0	0	0	0	0	0	0	0	0	0	0	0	0	0	0	0	0	0	0	0	0	0	0	0	0	0	0	0	0	0	0	0	0	0	0	0	0	0	0	0	0	0	0	0	0	0	0																																																	2678	1339	760	1919	2	0	760	Material_Teacher	Material_Teacher	0				0			2698	2698	2698	2698	1	0	2698	2698	2698	2698	2698	1	0	2698	1				
Recording062	ProVisioNET_study_108_08	Female	Novice	snapshot_material_teacher	15	snapshot_material_teacher	Material_Teacher	0	0	0	0	0	0	0	0	0	0	0	0	0	0	0	0	0	0	0	0	0	0	0	0	0	0	0	0	0	0	0	0	0	0	0	0	0	0	0	0	0	0	0	0	0	0	0	0																																																	1019	340	100	680	3	0	680	Material_Teacher	Material_Teacher	0				0			1659	1659	1659	1659	1	0	1659	1659	1659	1659	1659	1	0	1659	0				
Recording062	ProVisioNET_study_108_08	Female	Novice	snapshot_material_teacher	16	snapshot_material_teacher	Material_Teacher	0	0	0	0	0	0	0	0	0	0	0	0	0	0	0	0	0	0	0	0	0	0	0	0	0	0	0	0	0	0	0	0	0	0	0	0	0	0	0	0	0	0	0	0	0	0	0	0																																																	260	260	260	260	1	0	260	Material_Teacher	Material_Teacher	0				0			260	260	260	260	1	0	260	260	260	260	260	1	0	260	0				
Recording062	ProVisioNET_study_108_08	Female	Novice	snapshot_material_teacher	17	snapshot_material_teacher	Material_Teacher	0	0	0	0	0	0	0	0	0	0	0	0	0	0	0	0	0	0	0	0	0	0	0	0	0	0	0	0	0	0	0	0	0	0	0	0	0	0	0	0	0	0	0	0	0	0	0	0																																																	780	260	100	340	3	0	100	Material_Teacher	Material_Teacher	0				0			939	939	939	939	1	0	939	939	939	939	939	1	0	939	1				
Recording062	ProVisioNET_study_108_08	Female	Novice	snapshot_material_teacher	18	snapshot_material_teacher	Material_Teacher	0	0	0	0	0	0	0	0	0	0	0	0	0	0	0	0	0	0	0	0	0	0	0	0	0	0	0	0	0	0	0	0	0	0	0	0	0	0	0	0	0	0	0	0	0	0	0	0																																																	800	200	80	340	4	0	140	Material_Teacher	Material_Teacher	0				0			1019	1019	1019	1019	1	0	1019	1019	1019	1019	1019	1	0	1019	1				
Recording062	ProVisioNET_study_108_08	Female	Novice	snapshot_material_teacher	19	snapshot_material_teacher	Material_Teacher	0	0	0	0	0	0	0	0	0	0	0	0	0	0	0	0	0	0	0	0	0	0	0	0	0	0	0	0	0	0	0	0	0	0	0	0	0	0	0	0	0	0	0	0	0	0	0	0																																																	839	280	80	600	3	100	80	Material_Teacher	Material_Teacher	0				0			1039	1039	1039	1039	1	0	1039	1039	1039	1039	1039	1	0	1039	3				
Recording062	ProVisioNET_study_108_08	Female	Novice	snapshot_material_teacher	20	snapshot_material_teacher	Material_Teacher	0	0	0	0	0	0	0	0	0	0	0	0	0	0	0	0	0	0	0	0	0	0	0	0	0	0	0	0	0	0	0	0	0	0	0	0	0	0	0	0	0	0	0	0	0	0	0	0																																																	540	540	540	540	1	0	540	Material_Teacher	Material_Teacher	0				0			540	540	540	540	1	0	540	540	540	540	540	1	0	540	0				
Recording062	ProVisioNET_study_108_08	Female	Novice	snapshot_material_teacher	21	snapshot_material_teacher	Material_Teacher	0	0	0	0	0	0	0	0	0	0	0	0	0	0	0	0	0	0	0	0	0	0	0	0	0	0	0	0	0	0	0	0	0	0	0	0	0	0	0	0	0	0	0	0	0	0	0	0																																																	440	147	120	180	3	0	140	Material_Teacher	Material_Teacher	0				0			740	740	740	740	1	0	740	740	740	740	740	1	0	740	1				
Recording062	ProVisioNET_study_108_08	Female	Novice	snapshot_material_teacher	22	snapshot_material_teacher	Material_Teacher	0	0	0	0	0	0	0	0	0	0	0	0	0	0	0	0	0	0	0	0	0	0	0	0	0	0	0	0	0	0	0	0	0	0	0	0	0	0	0	0	0	0	0	0	0	0	0	0																																																	6576	346	100	879	19	0	220	Material_Teacher	Material_Teacher	0				0			13772	13772	13772	13772	1	0	13772	13772	13772	13772	13772	1	0	13772	17				
Recording062	ProVisioNET_study_108_08	Female	Novice	snapshot_material_teacher	23	snapshot_material_teacher	Material_Teacher	0	0	0	0	0	0	0	0	0	0	0	0	0	0	0	0	1	1	1	0	0	0	0	0	0	0	0	0	0	0	0	0	0	0	0	0	1	0	0	0	0	0	0	0	0	0	0	0																	44629	19980	14629																		18184												22587	502	60	1879	45	0	120	Material_Teacher	Material_Teacher	0				0			51390	51390	51390	51390	1	0	51390	51390	51390	51390	51390	1	0	51390	48				
Recording062	ProVisioNET_study_108_08	Female	Novice	snapshot_material_teacher	24	snapshot_material_teacher	Material_Teacher	0	0	0	0	0	0	0	0	0	0	0	0	0	0	0	0	0	0	0	0	0	1	0	0	0	0	0	0	0	0	0	0	0	0	0	0	0	0	0	0	0	0	0	0	0	0	0	0																						42118																											21287	926	80	3718	23	0	120	Material_Teacher	Material_Teacher	0				0			43474	43474	43474	43474	1	0	43474	43474	43474	43474	43474	1	0	43474	20				
Recording062	ProVisioNET_study_108_08	Female	Novice	snapshot_material_teacher	25	snapshot_material_teacher	Material_Teacher	0	0	0	0	0	0	0	0	0	0	0	0	0	0	0	0	0	0	0	0	0	0	0	0	0	0	0	0	0	0	0	0	0	0	0	0	0	0	0	0	0	0	0	0	0	0	0	0																																																	9195	1314	260	2698	7	0	260	Material_Teacher	Material_Teacher	0				0			18929	18929	18929	18929	1	0	18929	18929	18929	18929	18929	1	0	18929	8				
Recording062	ProVisioNET_study_108_08	Female	Novice	snapshot_material_teacher	26	snapshot_material_teacher	Material_Teacher	0	0	0	0	0	0	0	0	0	0	0	0	0	0	0	0	0	0	0	0	0	0	0	0	0	0	0	0	0	0	0	0	0	0	0	0	0	0	0	0	0	0	0	0	0	0	0	0																																																	3758	342	80	979	11	0	80	Material_Teacher	Material_Teacher	0				0			7875	7875	7875	7875	1	0	7875	7875	7875	7875	7875	1	0	7875	6				
Recording062	ProVisioNET_study_108_08	Female	Novice	snapshot_material_teacher	27	snapshot_material_teacher	Material_Teacher	0	0	0	0	0	0	0	0	0	0	0	0	0	0	0	0	0	0	0	0	0	0	0	0	0	0	0	0	0	0	0	0	0	0	0	0	0	0	0	0	0	0	0	0	0	0	0	0																																																	3558	712	300	1379	5	0	440	Material_Teacher	Material_Teacher	0				0			3778	3778	3778	3778	1	0	3778	3778	3778	3778	3778	1	0	3778	3				
Recording062	ProVisioNET_study_108_08	Female	Novice	snapshot_material_teacher	28	snapshot_material_teacher	Material_Teacher	0	0	0	0	0	0	0	0	0	0	0	0	0	0	0	0	0	0	0	0	0	0	0	0	0	0	0	0	0	0	0	0	0	0	0	0	0	0	0	0	0	0	0	0	0	0	0	0																																																	3338	1113	120	2039	3	0	120	Material_Teacher	Material_Teacher	0				0			3378	3378	3378	3378	1	0	3378	3378	3378	3378	3378	1	0	3378	2				
Recording062	ProVisioNET_study_108_08	Female	Novice	snapshot_material_teacher	29	snapshot_material_teacher	Material_Teacher	0	0	0	0	0	0	0	0	0	0	0	0	0	0	0	0	0	0	0	0	0	0	0	0	0	0	0	0	0	0	0	0	0	0	0	0	0	0	0	0	0	0	0	0	0	0	0	0																																																	3758	1879	260	3498	2	0	3498	Material_Teacher	Material_Teacher	0				0			3778	3778	3778	3778	1	0	3778	3778	3778	3778	3778	1	0	3778	1				
Recording062	ProVisioNET_study_108_08	Female	Novice	snapshot_material_teacher	30	snapshot_material_teacher	Material_Teacher	0	0	0	0	0	0	0	0	0	0	0	0	0	0	0	0	0	0	0	0	0	0	0	0	0	0	0	0	0	0	0	0	0	0	0	0	0	0	0	0	0	0	0	0	0	0	0	0																																																	2299	575	120	1879	4	100	180	Material_Teacher	Material_Teacher	0				0			2558	2558	2558	2558	1	0	2558	2558	2558	2558	2558	1	0	2558	2				
Recording062	ProVisioNET_study_108_08	Female	Novice	snapshot_material_teacher	31	snapshot_material_teacher	Material_Teacher	0	0	0	0	0	0	0	0	0	0	0	0	0	0	0	0	0	0	0	0	0	0	0	0	0	0	0	0	0	0	0	0	0	0	0	0	0	0	0	0	0	0	0	0	0	0	0	0																																																	13332	1026	100	3718	13	0	120	Material_Teacher	Material_Teacher	0				0			24246	24246	24246	24246	1	0	24246	24246	24246	24246	24246	1	0	24246	9				
Recording062	ProVisioNET_study_108_08	Female	Novice	snapshot_material_teacher	32	snapshot_material_teacher	Material_Teacher	0	0	0	0	0	0	0	0	0	0	0	0	0	0	0	0	0	0	0	0	0	0	0	0	0	0	0	0	0	0	0	0	0	0	0	0	0	0	0	0	0	0	0	0	0	0	0	0																																																	6216	888	80	3078	7	0	3078	Material_Teacher	Material_Teacher	0				0			10174	10174	10174	10174	1	0	10174	10174	10174	10174	10174	1	0	10174	6				
Recording062	ProVisioNET_study_108_08	Female	Novice	snapshot_material_teacher	33	snapshot_material_teacher	Material_Teacher	0	0	0	0	0	0	0	0	0	0	0	0	0	0	0	0	0	0	0	0	0	0	0	0	0	0	0	0	0	0	0	0	0	0	0	0	0	0	0	0	0	0	0	0	0	0	0	0																																																	5097	463	140	1759	11	0	280	Material_Teacher	Material_Teacher	0				0			7196	7196	7196	7196	1	0	7196	7196	7196	7196	7196	1	0	7196	10				
Recording062	ProVisioNET_study_108_08	Female	Novice	snapshot_material_teacher	34	snapshot_material_teacher	Material_Teacher	0	0	0	0	0	0	0	0	0	0	0	0	0	0	0	0	0	0	0	0	0	0	0	0	0	0	0	0	0	0	0	0	0	0	0	0	0	0	0	0	0	0	0	0	0	0	0	0																																																	1959	218	80	700	9	0	180	Material_Teacher	Material_Teacher	0				0			2539	2539	2539	2539	1	0	2539	2539	2539	2539	2539	1	0	2539	7				
Recording062	ProVisioNET_study_108_08	Female	Novice	snapshot_material_teacher	35	snapshot_material_teacher	Material_Teacher	0	0	0	0	0	0	0	0	0	0	0	0	0	0	0	0	0	0	0	0	0	0	0	0	0	0	0	0	0	0	0	0	0	0	0	0	0	0	0	0	0	0	0	0	0	0	0	0																																																	700	233	80	500	3	0	120	Material_Teacher	Material_Teacher	0				0			1019	1019	1019	1019	1	0	1019	1019	1019	1019	1019	1	0	1019	0				
Recording062	ProVisioNET_study_108_08	Female	Novice	snapshot_material_teacher	36	snapshot_material_teacher	Material_Teacher	0	0	0	0	0	0	0	0	0	0	0	0	0	0	0	0	0	0	0	0	0	0	0	0	0	0	0	0	0	0	0	0	0	0	0	0	0	0	0	0	0	0	0	0	0	0	0	0																																																	140	140	140	140	1	100	140	Material_Teacher	Material_Teacher	0				0			240	240	240	240	1	0	240	240	240	240	240	1	0	240	1				
Recording062	ProVisioNET_study_108_08	Female	Novice	snapshot_students	1	snapshot_students	Anna	0	0	0	0	0	0	0	0	0	0	0	0	0	0	0	0	0	0	0	0	0	0	0	0	0	0	0	0	0	0	0	0	0	0	0	0	0	0	0	0	0	0	0	0	0	0	0	0																																																	140	140	140	140	1	0	140	Bianca	Bianca	0				0			140	140	140	140	1	0	140	140	140	140	140	1	0	140	0		140		185,77
Recording062	ProVisioNET_study_108_08	Female	Novice	snapshot_students	1	snapshot_students	Bianca	0	0	0	0	0	0	0	0	0	0	0	0	0	0	0	0	0	0	0	0	0	0	0	0	0	0	0	0	0	0	0	0	0	0	0	0	0	0	0	0	0	0	0	0	0	0	0	0																																																	380	380	380	380	1	540	380	Bianca	Bianca	0				0			380	380	380	380	1	540	380	380	380	380	380	1	540	380	0	500		168,45	
Recording062	ProVisioNET_study_108_08	Female	Novice	snapshot_students	1	snapshot_students	Carl(a)	0	0	0	0	0	0	0	0	0	0	0	0	0	0	0	0	0	0	0	0	0	0	0	0	0	0	0	0	0	0	0	0	0	0	0	0	0	0	0	0	0	0	0	0	0	0	0	0																																																	0				0			Bianca	Bianca	0				0			0				0			0				0			0				
Recording062	ProVisioNET_study_108_08	Female	Novice	snapshot_students	2	snapshot_students	Anna	0	0	0	0	0	0	0	0	0	0	0	0	0	0	0	0	0	0	0	0	0	0	0	0	0	0	0	0	0	0	0	0	0	0	0	0	0	0	0	0	0	0	0	0	0	0	0	0																																																	24486	480	80	1559	51	0	240	Carl(a)	Carl(a)	0				0			38698	4837	240	21328	8	0	240	38698	4837	240	21328	8	0	240	14	29603	21568	194,09	486,62
Recording062	ProVisioNET_study_108_08	Female	Novice	snapshot_students	2	snapshot_students	Bianca	0	0	0	0	0	0	0	0	0	0	0	0	0	0	0	0	0	0	0	0	0	0	0	0	0	0	0	0	0	0	0	0	0	0	0	0	0	0	0	0	0	0	0	0	0	0	0	0																																																	19968	327	80	2059	61	460	100	Carl(a)	Carl(a)	0				0			25925	2357	100	15551	11	460	100	25925	2357	100	15551	11	460	100	17	13092	22267	564,4	300,37
Recording062	ProVisioNET_study_108_08	Female	Novice	snapshot_students	2	snapshot_students	Carl(a)	0	0	0	0	0	0	0	0	0	0	0	0	0	0	0	0	0	0	0	0	0	0	0	0	0	0	0	0	0	0	0	0	0	0	0	0	0	0	0	0	0	0	0	0	0	0	0	0																																																	14292	242	80	879	59	2119	100	Carl(a)	Carl(a)	0				0			32161	5360	100	29823	6	2119	100	32161	5360	100	29823	6	2119	100	12	36759	7296	310,82	499,66
Recording062	ProVisioNET_study_108_08	Female	Novice	snapshot_students	3	snapshot_students	Anna	0	0	0	0	0	0	0	0	0	0	0	0	0	0	0	0	0	0	0	0	0	0	0	0	0	0	0	0	0	0	0	0	0	0	0	0	0	0	0	0	0	0	0	0	0	0	0	0																																																	899	450	140	760	2	959	760	Anna	Anna	760	760	760	760	1	959	760	1119	1119	1119	1119	1	959	1119	1159	1159	1159	1159	1	919	1159	0				
Recording062	ProVisioNET_study_108_08	Female	Novice	snapshot_students	3	snapshot_students	Bianca	0	0	0	0	0	0	0	0	0	0	0	0	0	0	0	0	0	0	0	0	0	0	0	0	0	0	0	0	0	0	0	0	0	0	0	0	0	0	0	0	0	0	0	0	0	0	0	0																																																	140	140	140	140	1	580	140	Anna	Anna	0				0			140	140	140	140	1	580	140	140	140	140	140	1	580	140	0				
Recording062	ProVisioNET_study_108_08	Female	Novice	snapshot_students	3	snapshot_students	Carl(a)	0	0	0	0	0	0	0	0	0	0	0	0	0	0	0	0	0	0	0	0	0	0	0	0	0	0	0	0	0	0	0	0	0	0	0	0	0	0	0	0	0	0	0	0	0	0	0	0																																																	520	520	520	520	1	0	520	Anna	Anna	0				0			520	520	520	520	1	0	520	520	520	520	520	1	0	520	0				
Recording062	ProVisioNET_study_108_08	Female	Novice	snapshot_students	4	snapshot_students	Anna	0	0	0	0	0	0	0	0	0	0	0	0	0	0	0	0	0	0	0	0	0	0	0	0	0	0	0	0	0	0	0	0	0	0	0	0	0	0	0	0	0	0	0	0	0	0	0	0																																																	919	919	919	919	1	0	919	Anna		0				0			939	939	939	939	1	0	939	939	939	939	939	1	0	939	0				
Recording062	ProVisioNET_study_108_08	Female	Novice	snapshot_students	4	snapshot_students	Bianca	0	0	0	0	0	0	0	0	0	0	0	0	0	0	0	0	0	0	0	0	0	0	0	0	0	0	0	0	0	0	0	0	0	0	0	0	0	0	0	0	0	0	0	0	0	0	0	0																																																	0				0			Anna		0				0			0				0			0				0			0				
Recording062	ProVisioNET_study_108_08	Female	Novice	snapshot_students	4	snapshot_students	Carl(a)	0	0	0	0	0	0	0	0	0	0	0	0	0	0	0	0	0	0	0	0	0	0	0	0	0	0	0	0	0	0	0	0	0	0	0	0	0	0	0	0	0	0	0	0	0	0	0	0																																																	0				0			Anna		0				0			0				0			0				0			0				
Recording062	ProVisioNET_study_108_08	Female	Novice	snapshot_students	5	snapshot_students	Anna	0	0	0	0	0	0	0	0	0	0	0	0	0	0	0	0	0	0	0	0	0	0	0	0	0	0	0	0	0	0	0	0	0	0	0	0	0	0	0	0	0	0	0	0	0	0	0	0																																																	3178	454	80	1159	7	0	300	Anna	Anna	0				0			3478	1159	780	1799	3	0	899	3478	1159	780	1799	3	0	899	2	1659	899	363,71	386,4
Recording062	ProVisioNET_study_108_08	Female	Novice	snapshot_students	5	snapshot_students	Bianca	0	0	0	0	0	0	0	0	0	0	0	0	0	0	0	0	0	0	0	0	0	0	0	0	0	0	0	0	0	0	0	0	0	0	0	0	0	0	0	0	0	0	0	0	0	0	0	0																																																	80	80	80	80	1	7316	80	Anna	Anna	0				0			80	80	80	80	1	7316	80	80	80	80	80	1	7316	80	0	7276		335,42	
Recording062	ProVisioNET_study_108_08	Female	Novice	snapshot_students	5	snapshot_students	Carl(a)	0	0	0	0	0	0	0	0	0	0	0	0	0	0	0	0	0	0	0	0	0	0	0	0	0	0	0	0	0	0	0	0	0	0	0	0	0	0	0	0	0	0	0	0	0	0	0	0																																																	600	300	300	300	2	959	300	Anna	Anna	0				0			700	700	700	700	1	959	700	700	700	700	700	1	959	700	0	899	1659	386,4	363,71
Recording062	ProVisioNET_study_108_08	Female	Novice	snapshot_students	6	snapshot_students	Anna	0	0	0	0	0	0	0	0	0	0	0	0	0	0	0	0	0	0	0	0	0	0	0	0	0	0	0	0	0	0	0	0	0	0	0	0	0	0	0	0	0	0	0	0	0	0	0	0																																																	899	225	80	400	4	0	80	Anna	Anna	0				0			5417	5417	5417	5417	1	0	5417	5417	5417	5417	5417	1	0	5417	6				
Recording062	ProVisioNET_study_108_08	Female	Novice	snapshot_students	6	snapshot_students	Bianca	0	0	0	0	0	0	0	0	0	0	0	0	0	0	0	0	0	0	0	0	0	0	0	0	0	0	0	0	0	0	0	0	0	0	0	0	0	0	0	0	0	0	0	0	0	0	0	0																																																	0				0			Anna	Anna	0				0			0				0			0				0			0				
Recording062	ProVisioNET_study_108_08	Female	Novice	snapshot_students	6	snapshot_students	Carl(a)	0	0	0	0	0	0	0	0	0	0	0	0	0	0	0	0	0	0	0	0	0	0	0	0	0	0	0	0	0	0	0	0	0	0	0	0	0	0	0	0	0	0	0	0	0	0	0	0																																																	0				0			Anna	Anna	0				0			0				0			0				0			0				
Recording062	ProVisioNET_study_108_08	Female	Novice	snapshot_students	7	snapshot_students	Anna	0	0	0	0	0	0	0	0	0	0	0	0	0	0	0	0	0	0	0	0	0	0	0	0	0	0	0	0	0	0	0	0	0	0	0	0	0	0	0	0	0	0	0	0	0	0	0	0																																																	0				0			Carl(a)	Carl(a)	0				0			0				0			0				0			0				
Recording062	ProVisioNET_study_108_08	Female	Novice	snapshot_students	7	snapshot_students	Bianca	0	0	0	0	0	0	0	0	0	0	0	0	0	0	0	0	0	0	0	0	0	0	0	0	0	0	0	0	0	0	0	0	0	0	0	0	0	0	0	0	0	0	0	0	0	0	0	0																																																	0				0			Carl(a)	Carl(a)	0				0			0				0			0				0			0				
Recording062	ProVisioNET_study_108_08	Female	Novice	snapshot_students	7	snapshot_students	Carl(a)	0	0	0	0	0	0	0	0	0	0	0	0	0	0	0	0	0	0	0	0	0	0	0	0	0	0	0	0	0	0	0	0	0	0	0	0	0	0	0	0	0	0	0	0	0	0	0	0																																																	100	100	100	100	1	0	100	Carl(a)	Carl(a)	0				0			100	100	100	100	1	0	100	100	100	100	100	1	0	100	0				
Recording062	ProVisioNET_study_108_08	Female	Novice	snapshot_students	8	snapshot_students	Anna	0	0	0	0	0	0	0	0	0	0	0	0	0	1	1	0	0	0	0	0	0	0	0	0	0	0	0	0	0	0	0	0	0	0	0	0	0	0	0	0	0	0	0	0	0	0	0	0														8492	8492																																		11014	847	80	2578	13	700	520	Bianca		0				0			19309	4827	2379	9215	4	700	3538	19389	4847	2419	9215	4	700	3538	10	660	8655	296,18	608,74
Recording062	ProVisioNET_study_108_08	Female	Novice	snapshot_students	8	snapshot_students	Bianca	0	0	0	0	0	0	0	0	0	0	0	0	0	1	1	0	0	0	0	0	0	0	0	0	0	0	0	0	0	0	0	0	0	0	0	0	0	0	0	0	0	0	0	0	0	0	0	0														8492	8492																																		10194	1019	80	4317	10	0	660	Bianca		0				0			10294	2059	660	4317	5	0	660	10294	2059	660	4317	5	0	660	5	8655	660	608,74	296,18
Recording062	ProVisioNET_study_108_08	Female	Novice	snapshot_students	8	snapshot_students	Carl(a)	0	0	0	0	0	0	0	0	0	0	0	0	0	1	1	0	0	0	0	0	0	0	0	0	0	0	0	0	0	0	0	0	0	0	0	0	0	0	0	0	0	0	0	0	0	0	0	0														8492	8492																																		0				0			Bianca		0				0			0				0			0				0			0				
Recording062	ProVisioNET_study_108_08	Female	Novice	snapshot_students	9	snapshot_students	Anna	0	0	0	0	0	0	0	0	0	0	0	0	0	0	0	0	0	0	0	0	0	0	0	0	0	0	0	0	0	0	0	0	0	0	0	0	0	0	0	0	0	0	0	0	0	0	0	0																																																	919	919	919	919	1	0	919	Anna	Anna	0				0			919	919	919	919	1	0	919	919	919	919	919	1	0	919	0				
Recording062	ProVisioNET_study_108_08	Female	Novice	snapshot_students	9	snapshot_students	Bianca	0	0	0	0	0	0	0	0	0	0	0	0	0	0	0	0	0	0	0	0	0	0	0	0	0	0	0	0	0	0	0	0	0	0	0	0	0	0	0	0	0	0	0	0	0	0	0	0																																																	0				0			Anna	Anna	0				0			0				0			0				0			0				
Recording062	ProVisioNET_study_108_08	Female	Novice	snapshot_students	9	snapshot_students	Carl(a)	0	0	0	0	0	0	0	0	0	0	0	0	0	0	0	0	0	0	0	0	0	0	0	0	0	0	0	0	0	0	0	0	0	0	0	0	0	0	0	0	0	0	0	0	0	0	0	0																																																	0				0			Anna	Anna	0				0			0				0			0				0			0				
Recording062	ProVisioNET_study_108_08	Female	Novice	snapshot_students	10	snapshot_students	Anna	0	0	0	0	0	0	0	0	0	0	0	0	0	0	0	0	0	0	0	0	0	0	0	0	0	0	0	0	0	0	0	0	0	0	0	0	0	0	0	0	0	0	0	0	0	0	0	0																																																	1519	253	80	600	6	0	140	Anna	Anna	0				0			1759	879	200	1559	2	0	1559	1759	879	200	1559	2	0	1559	2	5757		380,23	
Recording062	ProVisioNET_study_108_08	Female	Novice	snapshot_students	10	snapshot_students	Bianca	0	0	0	0	0	0	0	0	0	0	0	0	0	0	0	0	0	0	0	0	0	0	0	0	0	0	0	0	0	0	0	0	0	0	0	0	0	0	0	0	0	0	0	0	0	0	0	0																																																	1539	1539	1539	1539	1	4218	1539	Anna	Anna	0				0			1539	1539	1539	1539	1	4218	1539	1539	1539	1539	1539	1	4218	1539	0		5757		380,23
Recording062	ProVisioNET_study_108_08	Female	Novice	snapshot_students	10	snapshot_students	Carl(a)	0	0	0	0	0	0	0	0	0	0	0	0	0	0	0	0	0	0	0	0	0	0	0	0	0	0	0	0	0	0	0	0	0	0	0	0	0	0	0	0	0	0	0	0	0	0	0	0																																																	0				0			Anna	Anna	0				0			0				0			0				0			0				
Recording062	ProVisioNET_study_108_08	Female	Novice	snapshot_students	11	snapshot_students	Anna	0	0	0	0	0	0	0	0	0	0	0	0	0	0	0	0	0	0	0	0	0	0	0	0	0	0	0	0	0	0	0	0	0	0	0	0	0	0	0	0	0	0	0	0	0	0	0	0																																																	380	190	80	300	2	0	80	Bianca	Bianca	0				0			400	400	400	400	1	0	400	400	400	400	400	1	0	400	1				
Recording062	ProVisioNET_study_108_08	Female	Novice	snapshot_students	11	snapshot_students	Bianca	0	0	0	0	0	0	0	0	0	0	0	0	0	0	0	0	0	0	0	0	0	0	0	0	0	0	0	0	0	0	0	0	0	0	0	0	0	0	0	0	0	0	0	0	0	0	0	0																																																	680	680	680	680	1	480	680	Bianca	Bianca	0				0			680	680	680	680	1	480	680	680	680	680	680	1	480	680	0	420		468,72	
Recording062	ProVisioNET_study_108_08	Female	Novice	snapshot_students	11	snapshot_students	Carl(a)	0	0	0	0	0	0	0	0	0	0	0	0	0	0	0	0	0	0	0	0	0	0	0	0	0	0	0	0	0	0	0	0	0	0	0	0	0	0	0	0	0	0	0	0	0	0	0	0																																																	0				0			Bianca	Bianca	0				0			0				0			0				0			0				
Recording062	ProVisioNET_study_108_08	Female	Novice	snapshot_students	12	snapshot_students	Anna	0	0	0	0	0	0	0	0	0	0	0	0	0	0	0	0	0	0	0	0	0	0	0	0	0	0	0	0	0	0	0	0	0	0	0	0	0	0	0	0	0	0	0	0	0	0	0	0																																																	0				0			Carl(a)	Carl(a)	0				0			0				0			0				0			0				
Recording062	ProVisioNET_study_108_08	Female	Novice	snapshot_students	12	snapshot_students	Bianca	0	0	0	0	0	0	0	0	0	0	0	0	0	0	0	0	0	0	0	0	0	0	0	0	0	0	0	0	0	0	0	0	0	0	0	0	0	0	0	0	0	0	0	0	0	0	0	0																																																	220	220	220	220	1	0	220	Carl(a)	Carl(a)	0				0			220	220	220	220	1	0	220	220	220	220	220	1	0	220	0				
Recording062	ProVisioNET_study_108_08	Female	Novice	snapshot_students	12	snapshot_students	Carl(a)	0	0	0	0	0	0	0	0	0	0	0	0	0	0	0	0	0	0	0	0	0	0	0	0	0	0	0	0	0	0	0	0	0	0	0	0	0	0	0	0	0	0	0	0	0	0	0	0																																																	560	140	80	220	4	340	180	Carl(a)	Carl(a)	0				0			780	780	780	780	1	340	780	780	780	780	780	1	340	780	1				
Recording062	ProVisioNET_study_108_08	Female	Novice	snapshot_students	13	snapshot_students	Anna	0	0	0	0	0	0	0	0	0	0	0	0	0	0	0	0	0	0	0	0	0	0	0	0	0	0	0	0	0	0	0	0	0	0	0	0	0	0	0	0	0	1	0	0	0	0	0	0																																										4638							2419	605	80	1939	4	0	140	Anna	Anna	0				0			2459	820	140	1939	3	0	140	2459	820	140	1939	3	0	140	0	1499	3458	126,32	323,75
Recording062	ProVisioNET_study_108_08	Female	Novice	snapshot_students	13	snapshot_students	Bianca	0	0	0	0	0	0	0	0	0	0	0	0	0	0	0	0	0	0	0	0	0	0	0	0	0	0	0	0	0	0	0	0	0	0	0	0	0	0	0	0	0	1	0	0	0	0	0	0																																										4638							2219	247	80	520	9	220	520	Anna	Anna	0				0			3418	1139	320	2578	3	220	520	3418	1139	320	2578	3	220	520	1	1099	740	403,68	433,03
Recording062	ProVisioNET_study_108_08	Female	Novice	snapshot_students	13	snapshot_students	Carl(a)	0	0	0	0	0	0	0	0	0	0	0	0	0	0	0	0	0	0	0	0	0	0	0	0	0	0	0	0	0	0	0	0	0	0	0	0	0	0	0	0	0	1	0	0	0	0	0	0																																										4638							300	300	300	300	1	800	300	Anna	Anna	0				0			300	300	300	300	1	800	300	300	300	300	300	1	800	300	0	740	1099	433,03	403,68
Recording062	ProVisioNET_study_108_08	Female	Novice	snapshot_students	14	snapshot_students	Anna	0	0	0	0	0	0	0	0	0	0	0	0	0	0	0	0	0	0	0	0	0	0	0	0	0	0	0	0	0	0	0	0	0	0	0	0	0	0	0	0	0	0	0	0	0	1	0	0																																														1790			839	210	80	420	4	0	160	Anna	Anna	0				0			859	286	160	520	3	0	160	859	286	160	520	3	0	160	1		160		351,25
Recording062	ProVisioNET_study_108_08	Female	Novice	snapshot_students	14	snapshot_students	Bianca	0	0	0	0	0	0	0	0	0	0	0	0	0	0	0	0	0	0	0	0	0	0	0	0	0	0	0	0	0	0	0	0	0	0	0	0	0	0	0	0	0	0	0	0	0	1	0	0																																														1790			900	225	80	380	4	220	380	Anna	Anna	0				0			919	306	260	380	3	220	380	919	306	260	380	3	220	380	1	160	600	351,25	364,01
Recording062	ProVisioNET_study_108_08	Female	Novice	snapshot_students	14	snapshot_students	Carl(a)	0	0	0	0	0	0	0	0	0	0	0	0	0	0	0	0	0	0	0	0	0	0	0	0	0	0	0	0	0	0	0	0	0	0	0	0	0	0	0	0	0	0	0	0	0	1	0	0																																														1790			840	840	840	840	1	640	840	Anna	Anna	0				0			840	840	840	840	1	640	840	840	840	840	840	1	640	840	0	600	1479	364,01	470,79
Recording062	ProVisioNET_study_108_08	Female	Novice	snapshot_students	15	snapshot_students	Anna	0	0	0	0	0	0	0	0	0	0	0	0	0	0	0	0	0	0	0	0	0	0	1	1	1	0	0	0	0	0	1	1	1	0	0	0	0	0	1	1	0	0	0	0	0	0	0	0																							160884	135727	130884						71496	71711	41496						135305	67840									47672	513	80	4757	93	0	899	Bianca	Bianca	0				0			68020	8503	80	56187	8	0	4417	68020	8503	80	56187	8	0	4417	31	8975	4417	297,21	429,15
Recording062	ProVisioNET_study_108_08	Female	Novice	snapshot_students	15	snapshot_students	Bianca	0	0	0	0	0	0	0	0	0	0	0	0	0	0	0	0	0	0	0	0	0	0	1	1	1	0	0	0	0	0	1	1	1	0	0	0	0	0	1	1	0	0	0	0	0	0	0	0																							160884	135727	130884						71496	71711	41496						135305	67840									59205	553	80	3378	107	4477	1579	Bianca	Bianca	0				0			75896	5838	100	40676	13	4477	1579	75936	5841	120	40676	13	4477	1579	38	4417	12513	429,15	455,39
Recording062	ProVisioNET_study_108_08	Female	Novice	snapshot_students	15	snapshot_students	Carl(a)	0	0	0	0	0	0	0	0	0	0	0	0	0	0	0	0	0	0	0	0	0	0	1	1	1	0	0	0	0	0	1	1	1	0	0	0	0	0	1	1	0	0	0	0	0	0	0	0																							160884	135727	130884						71496	71711	41496						135305	67840									38018	535	80	3678	71	12573	160	Bianca	Bianca	0				0			47652	6807	400	26944	7	12573	1459	47652	6807	400	26944	7	12573	1459	22	12513		455,39	
Recording062	ProVisioNET_study_108_08	Female	Novice	snapshot_students	16	snapshot_students	Anna	0	0	0	0	0	0	0	0	0	0	1	1	1	0	0	0	0	0	0	0	0	0	0	0	0	0	0	0	0	0	0	0	0	0	1	0	0	0	0	0	0	0	0	0	0	0	0	0											39296	20576	9296																						19650														30862	468	80	1899	66	0	220	Carl(a)	Carl(a)	0				0			44434	14811	1759	24166	3	0	18509	44434	14811	1759	24166	3	0	18509	24				
Recording062	ProVisioNET_study_108_08	Female	Novice	snapshot_students	16	snapshot_students	Bianca	0	0	0	0	0	0	0	0	0	0	1	1	1	0	0	0	0	0	0	0	0	0	0	0	0	0	0	0	0	0	0	0	0	0	1	0	0	0	0	0	0	0	0	0	0	0	0	0											39296	20576	9296																						19650														17850	350	80	2059	51	52169	480	Carl(a)	Carl(a)	0				0			32621	32621	32621	32621	1	52169	32621	32621	32621	32621	32621	1	52169	32621	13				
Recording062	ProVisioNET_study_108_08	Female	Novice	snapshot_students	16	snapshot_students	Carl(a)	0	0	0	0	0	0	0	0	0	0	1	1	1	0	0	0	0	0	0	0	0	0	0	0	0	0	0	0	0	0	0	0	0	0	1	0	0	0	0	0	0	0	0	0	0	0	0	0											39296	20576	9296																						19650														8435	527	80	1419	16	19049	380	Carl(a)	Carl(a)	0				0			10234	3411	2019	5337	3	19049	2878	10274	3425	2019	5337	3	19009	2918	3		21927		238,33
Recording062	ProVisioNET_study_108_08	Female	Novice	snapshot_students	17	snapshot_students	Anna	0	0	0	0	0	0	0	0	0	0	0	0	0	0	0	0	0	0	0	0	0	0	0	0	0	0	0	0	0	0	0	0	0	0	0	0	0	0	0	0	1	0	0	1	1	0	0	0																																									3312			4497	1556				3438	215	100	540	16	2279	200	Anna	Anna	0				0			8255	8255	8255	8255	1	2279	8255	8255	8255	8255	8255	1	2279	8255	2				
Recording062	ProVisioNET_study_108_08	Female	Novice	snapshot_students	17	snapshot_students	Bianca	0	0	0	0	0	0	0	0	0	0	0	0	0	0	0	0	0	0	0	0	0	0	0	0	0	0	0	0	0	0	0	0	0	0	0	0	0	0	0	0	1	0	0	1	1	0	0	0																																									3312			4497	1556				0				0			Anna	Anna	0				0			0				0			0				0			0				
Recording062	ProVisioNET_study_108_08	Female	Novice	snapshot_students	17	snapshot_students	Carl(a)	0	0	0	0	0	0	0	0	0	0	0	0	0	0	0	0	0	0	0	0	0	0	0	0	0	0	0	0	0	0	0	0	0	0	0	0	0	0	0	0	1	0	0	1	1	0	0	0																																									3312			4497	1556				560	280	100	460	2	0	100	Anna	Anna	0				0			2019	2019	2019	2019	1	0	2019	2019	2019	2019	2019	1	0	2019	0				
Recording062	ProVisioNET_study_108_08	Female	Novice	snapshot_students	18	snapshot_students	Anna	0	0	0	0	0	0	0	0	0	0	0	0	0	0	0	0	0	0	0	0	0	0	0	0	0	0	0	0	0	0	0	0	0	0	0	0	0	0	0	0	0	0	1	0	0	0	0	0																																											14246						8175	629	80	2039	13	0	400	Anna	Anna	0				0			10314	2063	400	4737	5	0	400	10314	2063	400	4737	5	0	400	3	17909		432,54	
Recording062	ProVisioNET_study_108_08	Female	Novice	snapshot_students	18	snapshot_students	Bianca	0	0	0	0	0	0	0	0	0	0	0	0	0	0	0	0	0	0	0	0	0	0	0	0	0	0	0	0	0	0	0	0	0	0	0	0	0	0	0	0	0	0	1	0	0	0	0	0																																											14246						19409	1617	80	6396	12	680	80	Anna	Anna	0				0			20948	4190	1499	7116	5	680	1499	20948	4190	1499	7116	5	680	1499	3	30842	38018	625,86	496,43
Recording062	ProVisioNET_study_108_08	Female	Novice	snapshot_students	18	snapshot_students	Carl(a)	0	0	0	0	0	0	0	0	0	0	0	0	0	0	0	0	0	0	0	0	0	0	0	0	0	0	0	0	0	0	0	0	0	0	0	0	0	0	0	0	0	0	1	0	0	0	0	0																																											14246						2998	750	100	1859	4	27644	300	Anna	Anna	0				0			3198	3198	3198	3198	1	27644	3198	3238	3238	3238	3238	1	27604	3238	0		30842		625,86
Recording062	ProVisioNET_study_108_08	Female	Novice	snapshot_students	19	snapshot_students	Anna	0	0	0	0	0	0	0	0	0	0	0	0	0	0	0	0	0	0	0	0	0	0	0	0	0	0	0	0	0	0	0	0	0	0	0	0	0	0	0	0	0	0	0	0	0	0	0	0																																																	2359	393	80	740	6	999	300	Bianca	Bianca	0				0			2419	806	300	1259	3	999	300	2419	806	300	1259	3	999	300	1		1299		261
Recording062	ProVisioNET_study_108_08	Female	Novice	snapshot_students	19	snapshot_students	Bianca	0	0	0	0	0	0	0	0	0	0	0	0	0	0	0	0	0	0	0	0	0	0	0	0	0	0	0	0	0	0	0	0	0	0	0	0	0	0	0	0	0	0	0	0	0	0	0	0																																																	4437	493	80	1179	9	0	680	Bianca	Bianca	0				0			4897	1224	420	2918	4	0	680	4897	1224	420	2918	4	0	680	5				
Recording062	ProVisioNET_study_108_08	Female	Novice	snapshot_students	19	snapshot_students	Carl(a)	0	0	0	0	0	0	0	0	0	0	0	0	0	0	0	0	0	0	0	0	0	0	0	0	0	0	0	0	0	0	0	0	0	0	0	0	0	0	0	0	0	0	0	0	0	0	0	0																																																	440	147	120	180	3	10294	180	Bianca	Bianca	0				0			500	500	500	500	1	10294	500	500	500	500	500	1	10294	500	2		10794		214,06
Recording062	ProVisioNET_study_108_08	Female	Novice	snapshot_students	20	snapshot_students	Anna	0	0	0	0	0	0	0	0	0	0	0	0	0	0	0	0	0	1	0	0	0	0	0	0	0	0	0	0	0	0	0	0	0	0	0	0	1	0	0	0	0	0	0	0	0	0	0	0																		4370																			2573												620	620	620	620	1	720	620	Bianca	Bianca	0				0			620	620	620	620	1	720	620	620	620	620	620	1	720	620	0		1339		430,06
Recording062	ProVisioNET_study_108_08	Female	Novice	snapshot_students	20	snapshot_students	Bianca	0	0	0	0	0	0	0	0	0	0	0	0	0	0	0	0	0	1	0	0	0	0	0	0	0	0	0	0	0	0	0	0	0	0	0	0	1	0	0	0	0	0	0	0	0	0	0	0																		4370																			2573												2878	576	120	2119	5	0	120	Bianca	Bianca	0				0			4637	2319	600	4038	2	0	600	4637	2319	600	4038	2	0	600	4	1339		430,06	
Recording062	ProVisioNET_study_108_08	Female	Novice	snapshot_students	20	snapshot_students	Carl(a)	0	0	0	0	0	0	0	0	0	0	0	0	0	0	0	0	0	1	0	0	0	0	0	0	0	0	0	0	0	0	0	0	0	0	0	0	1	0	0	0	0	0	0	0	0	0	0	0																		4370																			2573												0				0			Bianca	Bianca	0				0			0				0			0				0			0				
Recording062	ProVisioNET_study_108_08	Female	Novice	snapshot_students	21	snapshot_students	Anna	0	0	0	0	0	0	0	0	0	0	0	0	0	0	0	0	0	0	0	0	0	0	0	0	0	0	0	0	0	0	0	0	0	0	0	0	0	0	0	0	0	0	0	0	0	0	0	0																																																	1279	640	580	700	2	0	700	Carl(a)	Carl(a)	0				0			1279	640	580	700	2	0	700	1279	640	580	700	2	0	700	0	1999	700	499,58	513,6
Recording062	ProVisioNET_study_108_08	Female	Novice	snapshot_students	21	snapshot_students	Bianca	0	0	0	0	0	0	0	0	0	0	0	0	0	0	0	0	0	0	0	0	0	0	0	0	0	0	0	0	0	0	0	0	0	0	0	0	0	0	0	0	0	0	0	0	0	0	0	0																																																	1259	420	360	480	3	760	480	Carl(a)	Carl(a)	0				0			1259	420	360	480	3	760	480	1259	420	360	480	3	760	480	0	700	1239	513,6	537,88
Recording062	ProVisioNET_study_108_08	Female	Novice	snapshot_students	21	snapshot_students	Carl(a)	0	0	0	0	0	0	0	0	0	0	0	0	0	0	0	0	0	0	0	0	0	0	0	0	0	0	0	0	0	0	0	0	0	0	0	0	0	0	0	0	0	0	0	0	0	0	0	0																																																	380	127	80	200	3	1299	200	Carl(a)	Carl(a)	0				0			480	240	200	280	2	1299	200	480	240	200	280	2	1299	200	0	1239	1499	537,88	527,61
Recording062	ProVisioNET_study_108_08	Female	Novice	snapshot_students	22	snapshot_students	Anna	0	0	0	0	0	0	0	0	0	0	0	0	0	0	0	0	0	0	0	0	0	0	0	0	0	0	0	0	0	0	0	0	0	0	0	0	0	0	0	0	0	0	0	0	0	0	0	0																																																	8555	1711	580	3878	5	40	1459	Anna		0				0			10414	3471	1419	7536	3	40	1459	10454	3485	1419	7536	3	0	1499	0	2958	1499	475,14	234,62
Recording062	ProVisioNET_study_108_08	Female	Novice	snapshot_students	22	snapshot_students	Bianca	0	0	0	0	0	0	0	0	0	0	0	0	0	0	0	0	0	0	0	0	0	0	0	0	0	0	0	0	0	0	0	0	0	0	0	0	0	0	0	0	0	0	0	0	0	0	0	0																																																	1699	849	600	1099	2	2359	600	Anna		0				0			1699	849	600	1099	2	2359	600	1699	849	600	1099	2	2359	600	0		2958		475,14
Recording062	ProVisioNET_study_108_08	Female	Novice	snapshot_students	22	snapshot_students	Carl(a)	0	0	0	0	0	0	0	0	0	0	0	0	0	0	0	0	0	0	0	0	0	0	0	0	0	0	0	0	0	0	0	0	0	0	0	0	0	0	0	0	0	0	0	0	0	0	0	0																																																	0				0			Anna		0				0			0				0			0				0			0				
Recording062	ProVisioNET_study_108_08	Female	Novice	snapshot_students	23	snapshot_students	Anna	0	0	0	0	0	0	0	0	0	0	0	0	0	0	0	0	0	0	0	0	0	0	0	0	0	0	0	0	0	0	0	0	0	0	0	0	0	0	0	0	0	0	0	0	0	0	0	0																																																	5137	1712	1039	2818	3	11713	1279	Carl(a)	Carl(a)	0				0			9414	9414	9414	9414	1	11713	9414	9414	9414	9414	9414	1	11713	9414	1				
Recording062	ProVisioNET_study_108_08	Female	Novice	snapshot_students	23	snapshot_students	Bianca	0	0	0	0	0	0	0	0	0	0	0	0	0	0	0	0	0	0	0	0	0	0	0	0	0	0	0	0	0	0	0	0	0	0	0	0	0	0	0	0	0	0	0	0	0	0	0	0																																																	2798	700	80	2199	4	0	2199	Carl(a)	Carl(a)	0				0			2958	1479	400	2558	2	0	2558	2958	1479	400	2558	2	0	2558	1				
Recording062	ProVisioNET_study_108_08	Female	Novice	snapshot_students	23	snapshot_students	Carl(a)	0	0	0	0	0	0	0	0	0	0	0	0	0	0	0	0	0	0	0	0	0	0	0	0	0	0	0	0	0	0	0	0	0	0	0	0	0	0	0	0	0	0	0	0	0	0	0	0																																																	3858	386	80	959	10	5297	80	Carl(a)	Carl(a)	0				0			4417	2209	2139	2279	2	5297	2279	4417	2209	2139	2279	2	5297	2279	4				
Recording062	ProVisioNET_study_108_08	Female	Novice	snapshot_students	24	snapshot_students	Anna	0	0	0	0	0	0	0	0	0	0	0	0	0	0	0	0	0	0	0	1	1	1	0	0	0	0	0	0	0	0	0	0	0	0	0	0	0	1	0	0	0	0	0	0	0	0	0	0																				33901	8741	3901																6657											10854	472	80	2339	23	5577	80	Anna	Anna	0				0			15991	3998	320	6956	4	5577	6956	15991	3998	320	6956	4	5577	6956	10				
Recording062	ProVisioNET_study_108_08	Female	Novice	snapshot_students	24	snapshot_students	Bianca	0	0	0	0	0	0	0	0	0	0	0	0	0	0	0	0	0	0	0	1	1	1	0	0	0	0	0	0	0	0	0	0	0	0	0	0	0	1	0	0	0	0	0	0	0	0	0	0																				33901	8741	3901																6657											7176	598	80	1859	12	0	80	Anna	Anna	0				0			7616	1904	320	3798	4	0	2079	7616	1904	320	3798	4	0	2079	6		34939		490,16
Recording062	ProVisioNET_study_108_08	Female	Novice	snapshot_students	24	snapshot_students	Carl(a)	0	0	0	0	0	0	0	0	0	0	0	0	0	0	0	0	0	0	0	1	1	1	0	0	0	0	0	0	0	0	0	0	0	0	0	0	0	1	0	0	0	0	0	0	0	0	0	0																				33901	8741	3901																6657											1219	244	80	580	5	17590	80	Anna	Anna	0				0			2299	1149	600	1699	2	17590	1699	2299	1149	600	1699	2	17590	1699	0	34939		490,16	
Recording062	ProVisioNET_study_108_08	Female	Novice	snapshot_students	25	snapshot_students	Anna	0	0	0	0	0	0	0	1	1	1	0	0	0	0	0	0	0	0	0	0	0	0	0	0	0	0	0	0	0	0	0	0	0	1	0	0	0	0	0	0	0	0	0	0	0	0	0	0								76093	52196	46093																								51332															50230	707	80	3198	71	0	200	Bianca	Bianca	0				0			73597	8177	340	21947	9	0	21947	73597	8177	340	21947	9	0	21947	28	70858	21947	321,58	422,11
Recording062	ProVisioNET_study_108_08	Female	Novice	snapshot_students	25	snapshot_students	Bianca	0	0	0	0	0	0	0	1	1	1	0	0	0	0	0	0	0	0	0	0	0	0	0	0	0	0	0	0	0	0	0	0	0	1	0	0	0	0	0	0	0	0	0	0	0	0	0	0								76093	52196	46093																								51332															14511	660	80	2059	22	22007	340	Bianca	Bianca	0				0			15811	1216	140	3098	13	22007	340	15811	1216	140	3098	13	22007	340	5	21947	22347	422,11	471,93
Recording062	ProVisioNET_study_108_08	Female	Novice	snapshot_students	25	snapshot_students	Carl(a)	0	0	0	0	0	0	0	1	1	1	0	0	0	0	0	0	0	0	0	0	0	0	0	0	0	0	0	0	0	0	0	0	0	1	0	0	0	0	0	0	0	0	0	0	0	0	0	0								76093	52196	46093																								51332															10134	596	80	1799	17	22427	1279	Bianca	Bianca	0				0			11113	1235	80	1939	9	22427	1279	11153	1239	80	1939	9	22427	1279	6	22347	23706	471,93	552,27
Recording062	ProVisioNET_study_108_08	Female	Novice	snapshot_students	26	snapshot_students	Anna	0	0	0	0	0	0	0	0	0	0	0	0	0	0	0	0	0	0	0	0	0	0	0	0	0	0	0	0	0	0	0	0	0	0	0	0	0	0	0	0	0	0	0	0	0	0	0	0																																																	27424	1613	80	5037	17	1759	4657	Carl(a)	Carl(a)	0				0			32321	10774	2339	22607	3	1759	7376	32321	10774	2339	22607	3	1759	7376	12	1699	9135	484,13	467,96
Recording062	ProVisioNET_study_108_08	Female	Novice	snapshot_students	26	snapshot_students	Bianca	0	0	0	0	0	0	0	0	0	0	0	0	0	0	0	0	0	0	0	0	0	0	0	0	0	0	0	0	0	0	0	0	0	0	0	0	0	0	0	0	0	0	0	0	0	0	0	0																																																	6996	777	300	1839	9	0	780	Carl(a)	Carl(a)	0				0			7516	1503	300	4118	5	0	1699	7516	1503	300	4118	5	0	1699	0	9135	1699	467,96	484,13
Recording062	ProVisioNET_study_108_08	Female	Novice	snapshot_students	26	snapshot_students	Carl(a)	0	0	0	0	0	0	0	0	0	0	0	0	0	0	0	0	0	0	0	0	0	0	0	0	0	0	0	0	0	0	0	0	0	0	0	0	0	0	0	0	0	0	0	0	0	0	0	0																																																	17769	846	100	4457	21	9674	320	Carl(a)	Carl(a)	0				0			19968	4992	180	18049	4	9674	460	19968	4992	180	18049	4	9674	460	11	59025	59225	274,99	615,86
Recording062	ProVisioNET_study_108_08	Female	Novice	Entire Recording	1	fullstream	Anna	0	1	1	1	1	1	1	1	1	1	1	1	1	1	1	1	1	1	1	1	1	1	1	1	1	1	1	1	1	1	1	1	1	1	1	0	1	1	1	1	1	1	1	1	1	1	1	2		549141	542817	519141	1664719	1660634	1634719	1465556	1441659	1435556	1105089	1086370	1075089	746477	746477	716477	1285979	1261331	1255979	1375432	1350272	1345432	1014881	989724	984881	1602847	544497	1722020	1740284	1692020	925493	925709	895493	1440795	1085443		1259534	1348189	989302	921838	1167168	822776	1195412	1168353	1165412	837758	825102	817758	244218	593	80	5037	412	545636	140	Classroom_Others		760	760	760	760	1	677300	760	274179	1735	80	16830	158	545636	140	279476	1769	80	16870	158	545616	160	52	545616	545776	212,34	185,77
Recording062	ProVisioNET_study_108_08	Female	Novice	Entire Recording	1	fullstream	Bianca	0	1	1	1	1	1	1	1	1	1	1	1	1	1	1	1	1	1	1	1	1	1	1	1	1	1	1	1	1	1	1	1	1	1	1	0	1	1	1	1	1	1	1	1	1	1	1	2		549141	542817	519141	1664719	1660634	1634719	1465556	1441659	1435556	1105089	1086370	1075089	746477	746477	716477	1285979	1261331	1255979	1375432	1350272	1345432	1014881	989724	984881	1602847	544497	1722020	1740284	1692020	925493	925709	895493	1440795	1085443		1259534	1348189	989302	921838	1167168	822776	1195412	1168353	1165412	837758	825102	817758	174538	535	80	6396	326	546176	380	Classroom_Others		0				0			196225	1545	80	10814	127	546176	380	201342	1585	100	10814	127	546136	420	63	546136	546556	168,45	463,73
Recording062	ProVisioNET_study_108_08	Female	Novice	Entire Recording	1	fullstream	Board_Screen	0	1	1	1	1	1	1	1	1	1	1	1	1	1	1	1	1	1	1	1	1	1	1	1	1	1	1	1	1	1	1	1	1	1	1	0	1	1	1	1	1	1	1	1	1	1	1	2		549141	542817	519141	1664719	1660634	1634719	1465556	1441659	1435556	1105089	1086370	1075089	746477	746477	716477	1285979	1261331	1255979	1375432	1350272	1345432	1014881	989724	984881	1602847	544497	1722020	1740284	1692020	925493	925709	895493	1440795	1085443		1259534	1348189	989302	921838	1167168	822776	1195412	1168353	1165412	837758	825102	817758	18709	398	80	1339	47	551113	180	Classroom_Others		0				0			22267	2024	80	7616	11	551113	180	22667	2061	140	7676	11	551053	240	24	668725	679699	129,84	133,09
Recording062	ProVisioNET_study_108_08	Female	Novice	Entire Recording	1	fullstream	Carl(a)	0	1	1	1	1	1	1	1	1	1	1	1	1	1	1	1	1	1	1	1	1	1	1	1	1	1	1	1	1	1	1	1	1	1	1	0	1	1	1	1	1	1	1	1	1	1	1	2		549141	542817	519141	1664719	1660634	1634719	1465556	1441659	1435556	1105089	1086370	1075089	746477	746477	716477	1285979	1261331	1255979	1375432	1350272	1345432	1014881	989724	984881	1602847	544497	1722020	1740284	1692020	925493	925709	895493	1440795	1085443		1259534	1348189	989302	921838	1167168	822776	1195412	1168353	1165412	837758	825102	817758	101021	457	80	4457	221	555830	100	Classroom_Others		0				0			117191	1429	80	19249	82	555830	100	119670	1459	100	19269	82	555771	160	35	590470	561007	310,82	499,66
Recording062	ProVisioNET_study_108_08	Female	Novice	Entire Recording	1	fullstream	Classroom_Others	0	1	1	1	1	1	1	1	1	1	1	1	1	1	1	1	1	1	1	1	1	1	1	1	1	1	1	1	1	1	1	1	1	1	1	0	1	1	1	1	1	1	1	1	1	1	1	2		549141	542817	519141	1664719	1660634	1634719	1465556	1441659	1435556	1105089	1086370	1075089	746477	746477	716477	1285979	1261331	1255979	1375432	1350272	1345432	1014881	989724	984881	1602847	544497	1722020	1740284	1692020	925493	925709	895493	1440795	1085443		1259534	1348189	989302	921838	1167168	822776	1195412	1168353	1165412	837758	825102	817758	79973	272	80	2339	294	544877	400	Classroom_Others		0				0			107057	622	80	5137	172	544877	720	112354	653	80	5137	172	544837	760	56	544837	546136	196,08	168,45
Recording062	ProVisioNET_study_108_08	Female	Novice	Entire Recording	1	fullstream	Disruptive_Person	0	1	1	1	1	1	1	1	1	1	1	1	1	1	1	1	1	1	1	1	1	1	1	1	1	1	1	1	1	1	1	1	1	1	1	0	1	1	1	1	1	1	1	1	1	1	1	2		549141	542817	519141	1664719	1660634	1634719	1465556	1441659	1435556	1105089	1086370	1075089	746477	746477	716477	1285979	1261331	1255979	1375432	1350272	1345432	1014881	989724	984881	1602847	544497	1722020	1740284	1692020	925493	925709	895493	1440795	1085443		1259534	1348189	989302	921838	1167168	822776	1195412	1168353	1165412	837758	825102	817758	37618	392	80	2119	96	732428	100	Classroom_Others		0				0			43954	1465	100	15491	30	732428	100	45014	1500	120	15511	30	732408	120	19	743322	818878	410,69	433,03
Recording062	ProVisioNET_study_108_08	Female	Novice	Entire Recording	1	fullstream	Material_Students	0	1	1	1	1	1	1	1	1	1	1	1	1	1	1	1	1	1	1	1	1	1	1	1	1	1	1	1	1	1	1	1	1	1	1	0	1	1	1	1	1	1	1	1	1	1	1	2		549141	542817	519141	1664719	1660634	1634719	1465556	1441659	1435556	1105089	1086370	1075089	746477	746477	716477	1285979	1261331	1255979	1375432	1350272	1345432	1014881	989724	984881	1602847	544497	1722020	1740284	1692020	925493	925709	895493	1440795	1085443		1259534	1348189	989302	921838	1167168	822776	1195412	1168353	1165412	837758	825102	817758	2239	204	80	500	11	743382	200	Classroom_Others		0				0			2279	253	80	660	9	743382	660	2519	280	80	720	9	743322	720	1	743322	884559	410,69	256,77
Recording062	ProVisioNET_study_108_08	Female	Novice	Entire Recording	1	fullstream	Material_Teacher	0	1	1	1	1	1	1	1	1	1	1	1	1	1	1	1	1	1	1	1	1	1	1	1	1	1	1	1	1	1	1	1	1	1	1	0	1	1	1	1	1	1	1	1	1	1	1	2		549141	542817	519141	1664719	1660634	1634719	1465556	1441659	1435556	1105089	1086370	1075089	746477	746477	716477	1285979	1261331	1255979	1375432	1350272	1345432	1014881	989724	984881	1602847	544497	1722020	1740284	1692020	925493	925709	895493	1440795	1085443		1259534	1348189	989302	921838	1167168	822776	1195412	1168353	1165412	837758	825102	817758	173738	543	60	5317	320	552832	80	Classroom_Others		0				0			191328	1894	80	10254	101	552832	340	194546	1926	80	10294	101	552732	440	157	561007	590470	499,66	310,82
Recording062	ProVisioNET_study_108_08	Female	Novice	Entire Recording	1	fullstream	Nametag_Anna	0	1	1	1	1	1	1	1	1	1	1	1	1	1	1	1	1	1	1	1	1	1	1	1	1	1	1	1	1	1	1	1	1	1	1	0	1	1	1	1	1	1	1	1	1	1	1	2		549141	542817	519141	1664719	1660634	1634719	1465556	1441659	1435556	1105089	1086370	1075089	746477	746477	716477	1285979	1261331	1255979	1375432	1350272	1345432	1014881	989724	984881	1602847	544497	1722020	1740284	1692020	925493	925709	895493	1440795	1085443		1259534	1348189	989302	921838	1167168	822776	1195412	1168353	1165412	837758	825102	817758	1559	173	80	320	9	590930	140	Classroom_Others		0				0			1579	197	80	320	8	590930	260	1859	232	80	360	8	590850	340	1	869008	869368	331,93	292,76
Recording062	ProVisioNET_study_108_08	Female	Novice	Entire Recording	1	fullstream	Nametag_Bianca	0	1	1	1	1	1	1	1	1	1	1	1	1	1	1	1	1	1	1	1	1	1	1	1	1	1	1	1	1	1	1	1	1	1	1	0	1	1	1	1	1	1	1	1	1	1	1	2		549141	542817	519141	1664719	1660634	1634719	1465556	1441659	1435556	1105089	1086370	1075089	746477	746477	716477	1285979	1261331	1255979	1375432	1350272	1345432	1014881	989724	984881	1602847	544497	1722020	1740284	1692020	925493	925709	895493	1440795	1085443		1259534	1348189	989302	921838	1167168	822776	1195412	1168353	1165412	837758	825102	817758	1379	197	80	380	7	563946	120	Classroom_Others		0				0			1399	233	80	380	6	563946	280	1599	267	100	400	6	563906	320	1	575979	576199	300,37	128,69
Recording062	ProVisioNET_study_108_08	Female	Novice	Entire Recording	1	fullstream	Nametag_Carl(a)	0	1	1	1	1	1	1	1	1	1	1	1	1	1	1	1	1	1	1	1	1	1	1	1	1	1	1	1	1	1	1	1	1	1	1	0	1	1	1	1	1	1	1	1	1	1	1	2		549141	542817	519141	1664719	1660634	1634719	1465556	1441659	1435556	1105089	1086370	1075089	746477	746477	716477	1285979	1261331	1255979	1375432	1350272	1345432	1014881	989724	984881	1602847	544497	1722020	1740284	1692020	925493	925709	895493	1440795	1085443		1259534	1348189	989302	921838	1167168	822776	1195412	1168353	1165412	837758	825102	817758	360	360	360	360	1	1151183	360	Classroom_Others		0				0			360	360	360	360	1	1151183	360	380	380	380	380	1	1151163	380	0	1151163		124,74	
Recording064	ProVisioNET_study_109_01	Male	Novice	Chatting_with_neighbour	1	fullstream	Anna	0	0	0	0	0	0	0	0	0	1	0	0	0	0	0	0	0	0	0	0	0	0	0	0	0	0	0	0	0	0	0	0	0	1	0	0	0	0	0	0	0	0	0	0	0	0	0	0										0																								3934															500	500	500	500	1	2333	500	Bianca,Disruptive_Person	Bianca,Disruptive_Person	0				0			500	500	500	500	1	2333	500	560	560	560	560	1	2273	560	0	2273	2833	354,36	478,92
Recording064	ProVisioNET_study_109_01	Male	Novice	Chatting_with_neighbour	1	fullstream	Bianca	0	0	0	0	0	0	0	0	0	1	0	0	0	0	0	0	0	0	0	0	0	0	0	0	0	0	0	0	0	0	0	0	0	1	0	0	0	0	0	0	0	0	0	0	0	0	0	0										0																								3934															3733	1866	1459	2273	2	0	2273	Bianca,Disruptive_Person	Bianca,Disruptive_Person	0				0			3733	1866	1459	2273	2	0	2273	3773	1886	1499	2273	2	0	2273	0	3233	2273	240,58	354,36
Recording064	ProVisioNET_study_109_01	Male	Novice	Chatting_with_neighbour	1	fullstream	Carl(a)	0	0	0	0	0	0	0	0	0	1	0	0	0	0	0	0	0	0	0	0	0	0	0	0	0	0	0	0	0	0	0	0	0	1	0	0	0	0	0	0	0	0	0	0	0	0	0	0										0																								3934															0				0			Bianca,Disruptive_Person	Bianca,Disruptive_Person	0				0			0				0			0				0			0				
Recording064	ProVisioNET_study_109_01	Male	Novice	Chatting_with_neighbour	1	fullstream	Disruptive_Person	0	0	0	0	0	0	0	0	0	1	0	0	0	0	0	0	0	0	0	0	0	0	0	0	0	0	0	0	0	0	0	0	0	1	0	0	0	0	0	0	0	0	0	0	0	0	0	0										0																								3934															4073	1358	340	2273	3	0	2273	Bianca,Disruptive_Person	Bianca,Disruptive_Person	0				0			4112	2056	1839	2273	2	0	2273	4172	2086	1899	2273	2	0	2273	1	2833	2273	478,92	354,36
Recording064	ProVisioNET_study_109_01	Male	Novice	Chatting_with_neighbour	1	fullstream	Material_Students	0	0	0	0	0	0	0	0	0	1	0	0	0	0	0	0	0	0	0	0	0	0	0	0	0	0	0	0	0	0	0	0	0	1	0	0	0	0	0	0	0	0	0	0	0	0	0	0										0																								3934															340	340	340	340	1	2893	340	Bianca,Disruptive_Person	Bianca,Disruptive_Person	0				0			340	340	340	340	1	2893	340	400	400	400	400	1	2833	400	0	2833	3233	478,92	240,58
Recording064	ProVisioNET_study_109_01	Male	Novice	Chatting_with_neighbour_fix	1	fullstream	Anna	0	0	0	0	0	0	0	0	1	1	0	0	0	0	0	0	0	0	0	0	0	0	0	0	0	0	0	0	0	0	0	0	0	1	0	0	0	0	0	0	0	0	0	0	0	0	0	0									4732	0																								3934															1842	614	300	1043	3	2333	500	Anna	Anna	0				0			1842	614	300	1043	3	2333	500	1982	661	320	1103	3	2273	560	0	2273	2833	354,36	478,92
Recording064	ProVisioNET_study_109_01	Male	Novice	Chatting_with_neighbour_fix	1	fullstream	Bianca	0	0	0	0	0	0	0	0	1	1	0	0	0	0	0	0	0	0	0	0	0	0	0	0	0	0	0	0	0	0	0	0	0	1	0	0	0	0	0	0	0	0	0	0	0	0	0	0									4732	0																								3934															16725	1520	400	2918	11	0	2273	Anna	Anna	0				0			17005	1700	400	2918	10	0	2273	17424	1742	440	2998	10	0	2273	0	3233	2273	240,58	354,36
Recording064	ProVisioNET_study_109_01	Male	Novice	Chatting_with_neighbour_fix	1	fullstream	Board_Screen	0	0	0	0	0	0	0	0	1	1	0	0	0	0	0	0	0	0	0	0	0	0	0	0	0	0	0	0	0	0	0	0	0	1	0	0	0	0	0	0	0	0	0	0	0	0	0	0									4732	0																								3934															2239	448	160	660	5	21722	600	Anna	Anna	0				0			2279	760	580	1099	3	21722	600	2419	806	620	1159	3	21682	640	2				
Recording064	ProVisioNET_study_109_01	Male	Novice	Chatting_with_neighbour_fix	1	fullstream	Carl(a)	0	0	0	0	0	0	0	0	1	1	0	0	0	0	0	0	0	0	0	0	0	0	0	0	0	0	0	0	0	0	0	0	0	1	0	0	0	0	0	0	0	0	0	0	0	0	0	0									4732	0																								3934															440	440	440	440	1	27878	440	Anna	Anna	0				0			440	440	440	440	1	27878	440	500	500	500	500	1	27818	500	0	27818	28318	418,79	175,33
Recording064	ProVisioNET_study_109_01	Male	Novice	Chatting_with_neighbour_fix	1	fullstream	Classroom_Others	0	0	0	0	0	0	0	0	1	1	0	0	0	0	0	0	0	0	0	0	0	0	0	0	0	0	0	0	0	0	0	0	0	1	0	0	0	0	0	0	0	0	0	0	0	0	0	0									4732	0																								3934															1459	208	100	360	7	10608	100	Anna	Anna	0				0			2019	673	100	1599	3	10608	100	2159	720	160	1639	3	10549	160	3	10549	10708	297,02	153,49
Recording064	ProVisioNET_study_109_01	Male	Novice	Chatting_with_neighbour_fix	1	fullstream	Disruptive_Person	0	0	0	0	0	0	0	0	1	1	0	0	0	0	0	0	0	0	0	0	0	0	0	0	0	0	0	0	0	0	0	0	0	1	0	0	0	0	0	0	0	0	0	0	0	0	0	0									4732	0																								3934															4532	1511	340	2273	3	0	2273	Anna	Anna	0				0			4572	2286	2273	2299	2	0	2273	4632	2316	2273	2359	2	0	2273	1	2833	2273	478,92	354,36
Recording064	ProVisioNET_study_109_01	Male	Novice	Chatting_with_neighbour_fix	1	fullstream	Material_Students	0	0	0	0	0	0	0	0	1	1	0	0	0	0	0	0	0	0	0	0	0	0	0	0	0	0	0	0	0	0	0	0	0	1	0	0	0	0	0	0	0	0	0	0	0	0	0	0									4732	0																								3934															2159	270	100	460	8	2893	340	Anna	Anna	0				0			2419	403	100	999	6	2893	340	2658	443	140	1039	6	2833	400	1	2833	3233	478,92	240,58
Recording064	ProVisioNET_study_109_01	Male	Novice	Chatting_with_neighbour_fix	1	fullstream	Nametag_Bianca	0	0	0	0	0	0	0	0	1	1	0	0	0	0	0	0	0	0	0	0	0	0	0	0	0	0	0	0	0	0	0	0	0	1	0	0	0	0	0	0	0	0	0	0	0	0	0	0									4732	0																								3934															200	200	200	200	1	10349	200	Anna	Anna	0				0			200	200	200	200	1	10349	200	240	240	240	240	1	10309	240	0	10309	10549	203,17	297,02
Recording064	ProVisioNET_study_109_01	Male	Novice	Clicking_pen	1	fullstream	Anna	0	0	0	0	0	0	0	0	0	0	0	0	1	0	0	0	0	0	0	0	0	0	0	0	0	0	0	0	0	0	0	0	0	0	1	0	0	0	0	0	0	0	0	0	0	0	0	0													0																						5990														0				0			Classroom_Others,Disruptive_Person	Classroom_Others,Disruptive_Person	0				0			0				0			0				0			0				
Recording064	ProVisioNET_study_109_01	Male	Novice	Clicking_pen	1	fullstream	Bianca	0	0	0	0	0	0	0	0	0	0	0	0	1	0	0	0	0	0	0	0	0	0	0	0	0	0	0	0	0	0	0	0	0	0	1	0	0	0	0	0	0	0	0	0	0	0	0	0													0																						5990														0				0			Classroom_Others,Disruptive_Person	Classroom_Others,Disruptive_Person	0				0			0				0			0				0			0				
Recording064	ProVisioNET_study_109_01	Male	Novice	Clicking_pen	1	fullstream	Carl(a)	0	0	0	0	0	0	0	0	0	0	0	0	1	0	0	0	0	0	0	0	0	0	0	0	0	0	0	0	0	0	0	0	0	0	1	0	0	0	0	0	0	0	0	0	0	0	0	0													0																						5990														5002	1251	260	3403	4	0	3403	Classroom_Others,Disruptive_Person	Classroom_Others,Disruptive_Person	0				0			5602	2801	740	4862	2	0	4862	5682	2841	819	4862	2	0	4862	0	6481	4862	468,35	117,16
Recording064	ProVisioNET_study_109_01	Male	Novice	Clicking_pen	1	fullstream	Classroom_Others	0	0	0	0	0	0	0	0	0	0	0	0	1	0	0	0	0	0	0	0	0	0	0	0	0	0	0	0	0	0	0	0	0	0	1	0	0	0	0	0	0	0	0	0	0	0	0	0													0																						5990														452	113	33	220	4	5402	80	Classroom_Others,Disruptive_Person	Classroom_Others,Disruptive_Person	0				0			472	157	33	360	3	5402	80	572	191	33	380	3	5322	160	1		5482		231,94
Recording064	ProVisioNET_study_109_01	Male	Novice	Clicking_pen	1	fullstream	Disruptive_Person	0	0	0	0	0	0	0	0	0	0	0	0	1	0	0	0	0	0	0	0	0	0	0	0	0	0	0	0	0	0	0	0	0	0	1	0	0	0	0	0	0	0	0	0	0	0	0	0													0																						5990														5035	1007	33	3403	5	0	3403	Classroom_Others,Disruptive_Person	Classroom_Others,Disruptive_Person	0				0			6074	3037	1212	4862	2	0	4862	6154	3077	1292	4862	2	0	4862	0	6481	4862	468,35	117,16
Recording064	ProVisioNET_study_109_01	Male	Novice	Clicking_pen	1	fullstream	Material_Students	0	0	0	0	0	0	0	0	0	0	0	0	1	0	0	0	0	0	0	0	0	0	0	0	0	0	0	0	0	0	0	0	0	0	1	0	0	0	0	0	0	0	0	0	0	0	0	0													0																						5990														340	340	340	340	1	4882	340	Classroom_Others,Disruptive_Person	Classroom_Others,Disruptive_Person	0				0			340	340	340	340	1	4882	340	360	360	360	360	1	4862	360	0	4862		117,16	
Recording064	ProVisioNET_study_109_01	Male	Novice	Clicking_pen	1	fullstream	Nametag_Bianca	0	0	0	0	0	0	0	0	0	0	0	0	1	0	0	0	0	0	0	0	0	0	0	0	0	0	0	0	0	0	0	0	0	0	1	0	0	0	0	0	0	0	0	0	0	0	0	0													0																						5990														200	200	200	200	1	5522	200	Classroom_Others,Disruptive_Person	Classroom_Others,Disruptive_Person	0				0			200	200	200	200	1	5522	200	240	240	240	240	1	5482	240	0	5482		231,94	
Recording064	ProVisioNET_study_109_01	Male	Novice	Clicking_pen_fix	1	fullstream	Anna	0	0	0	0	0	0	0	0	0	0	0	1	1	0	0	0	0	0	0	0	0	0	0	0	0	0	0	0	0	0	0	0	0	0	1	0	0	0	0	0	0	0	0	0	0	0	0	0												7773	0																						5990														2658	886	460	1619	3	16275	460	Material_Students	Material_Students	0				0			2658	886	460	1619	3	16275	460	2778	926	520	1659	3	16215	520	0	16215	16735	272,1	228,54
Recording064	ProVisioNET_study_109_01	Male	Novice	Clicking_pen_fix	1	fullstream	Bianca	0	0	0	0	0	0	0	0	0	0	0	1	1	0	0	0	0	0	0	0	0	0	0	0	0	0	0	0	0	0	0	0	0	0	1	0	0	0	0	0	0	0	0	0	0	0	0	0												7773	0																						5990														8815	801	160	1719	11	7880	1439	Material_Students	Material_Students	0				0			9115	1139	400	3438	8	7880	3438	9354	1169	440	3458	8	7860	3458	2	19833	11318	165,08	107,07
Recording064	ProVisioNET_study_109_01	Male	Novice	Clicking_pen_fix	1	fullstream	Carl(a)	0	0	0	0	0	0	0	0	0	0	0	1	1	0	0	0	0	0	0	0	0	0	0	0	0	0	0	0	0	0	0	0	0	0	1	0	0	0	0	0	0	0	0	0	0	0	0	0												7773	0																						5990														6901	767	240	3403	9	0	3403	Material_Students	Material_Students	0				0			7501	1072	240	4862	7	0	4862	7780	1111	280	4862	7	0	4862	0	6481	4862	468,35	117,16
Recording064	ProVisioNET_study_109_01	Male	Novice	Clicking_pen_fix	1	fullstream	Classroom_Others	0	0	0	0	0	0	0	0	0	0	0	1	1	0	0	0	0	0	0	0	0	0	0	0	0	0	0	0	0	0	0	0	0	0	1	0	0	0	0	0	0	0	0	0	0	0	0	0												7773	0																						5990														3798	380	80	1939	10	5402	80	Material_Students	Material_Students	0				0			3818	424	80	1939	9	5402	80	4158	462	80	1979	9	5322	160	1	15116	5482	113,68	231,94
Recording064	ProVisioNET_study_109_01	Male	Novice	Clicking_pen_fix	1	fullstream	Disruptive_Person	0	0	0	0	0	0	0	0	0	0	0	1	1	0	0	0	0	0	0	0	0	0	0	0	0	0	0	0	0	0	0	0	0	0	1	0	0	0	0	0	0	0	0	0	0	0	0	0												7773	0																						5990														5082	1016	80	3403	5	0	3403	Material_Students	Material_Students	0				0			6121	3061	1259	4862	2	0	4862	6201	3101	1339	4862	2	0	4862	0	6481	4862	468,35	117,16
Recording064	ProVisioNET_study_109_01	Male	Novice	Clicking_pen_fix	1	fullstream	Material_Students	0	0	0	0	0	0	0	0	0	0	0	1	1	0	0	0	0	0	0	0	0	0	0	0	0	0	0	0	0	0	0	0	0	0	1	0	0	0	0	0	0	0	0	0	0	0	0	0												7773	0																						5990														3531	441	280	640	8	4882	340	Material_Students	Material_Students	0				0			3551	507	340	660	7	4882	340	3751	536	360	700	7	4862	360	1	4862	17295	117,16	160,4
Recording064	ProVisioNET_study_109_01	Male	Novice	Clicking_pen_fix	1	fullstream	Nametag_Bianca	0	0	0	0	0	0	0	0	0	0	0	1	1	0	0	0	0	0	0	0	0	0	0	0	0	0	0	0	0	0	0	0	0	0	1	0	0	0	0	0	0	0	0	0	0	0	0	0												7773	0																						5990														200	200	200	200	1	5522	200	Material_Students	Material_Students	0				0			200	200	200	200	1	5522	200	240	240	240	240	1	5482	240	0	5482		231,94	
Recording064	ProVisioNET_study_109_01	Male	Novice	Drawing	1	fullstream	Anna	0	0	0	0	0	0	0	0	0	0	0	0	0	0	0	1	0	0	0	0	0	0	0	0	0	0	0	0	0	0	0	0	0	0	0	1	0	0	0	0	0	0	0	0	0	0	0	0																0																				7634													460	460	460	460	1	401	460	Carl(a),Disruptive_Person	Carl(a),Disruptive_Person	0				0			460	460	460	460	1	401	460	500	500	500	500	1	361	500	0	361		248,84	
Recording064	ProVisioNET_study_109_01	Male	Novice	Drawing	1	fullstream	Bianca	0	0	0	0	0	0	0	0	0	0	0	0	0	0	0	1	0	0	0	0	0	0	0	0	0	0	0	0	0	0	0	0	0	0	0	1	0	0	0	0	0	0	0	0	0	0	0	0																0																				7634													1099	550	460	640	2	961	460	Carl(a),Disruptive_Person	Carl(a),Disruptive_Person	0				0			1119	1119	1119	1119	1	961	1119	1139	1139	1139	1139	1	941	1139	1		2080		419,28
Recording064	ProVisioNET_study_109_01	Male	Novice	Drawing	1	fullstream	Carl(a)	0	0	0	0	0	0	0	0	0	0	0	0	0	0	0	1	0	0	0	0	0	0	0	0	0	0	0	0	0	0	0	0	0	0	0	1	0	0	0	0	0	0	0	0	0	0	0	0																0																				7634													2882	961	220	2043	3	5938	220	Carl(a),Disruptive_Person	Carl(a),Disruptive_Person	0				0			2882	961	220	2043	3	5938	220	3082	1027	320	2103	3	5838	320	0	5838	6158	341,48	503,4
Recording064	ProVisioNET_study_109_01	Male	Novice	Drawing	1	fullstream	Classroom_Others	0	0	0	0	0	0	0	0	0	0	0	0	0	0	0	1	0	0	0	0	0	0	0	0	0	0	0	0	0	0	0	0	0	0	0	1	0	0	0	0	0	0	0	0	0	0	0	0																0																				7634													4539	908	102	3718	5	0	102	Carl(a),Disruptive_Person	Carl(a),Disruptive_Person	0				0			4639	1160	260	3718	4	0	361	4759	1190	300	3758	4	0	361	0	2080	361	419,28	248,84
Recording064	ProVisioNET_study_109_01	Male	Novice	Drawing	1	fullstream	Disruptive_Person	0	0	0	0	0	0	0	0	0	0	0	0	0	0	0	1	0	0	0	0	0	0	0	0	0	0	0	0	0	0	0	0	0	0	0	1	0	0	0	0	0	0	0	0	0	0	0	0																0																				7634													6900	1380	220	3718	5	2120	3718	Carl(a),Disruptive_Person	Carl(a),Disruptive_Person	0				0			7299	3650	3262	4038	2	2120	4038	7379	3690	3302	4078	2	2080	4078	2	2080	6158	419,28	503,4
Recording064	ProVisioNET_study_109_01	Male	Novice	Drawing_fix	1	fullstream	Anna	0	0	0	0	0	0	0	0	0	0	0	0	0	0	1	1	0	0	0	0	0	0	0	0	0	0	0	0	0	0	0	0	0	0	0	1	0	0	0	0	0	0	0	0	0	0	0	0															9800	0																				7634													1599	800	460	1139	2	401	460	Classroom_Others	Classroom_Others	0				0			1599	800	460	1139	2	401	460	1679	840	500	1179	2	361	500	0	361	27605	248,84	221,06
Recording064	ProVisioNET_study_109_01	Male	Novice	Drawing_fix	1	fullstream	Bianca	0	0	0	0	0	0	0	0	0	0	0	0	0	0	1	1	0	0	0	0	0	0	0	0	0	0	0	0	0	0	0	0	0	0	0	1	0	0	0	0	0	0	0	0	0	0	0	0															9800	0																				7634													1719	573	460	640	3	961	460	Classroom_Others	Classroom_Others	0				0			1739	869	620	1119	2	961	1119	1799	899	660	1139	2	941	1139	1		2080		419,28
Recording064	ProVisioNET_study_109_01	Male	Novice	Drawing_fix	1	fullstream	Board_Screen	0	0	0	0	0	0	0	0	0	0	0	0	0	0	1	1	0	0	0	0	0	0	0	0	0	0	0	0	0	0	0	0	0	0	0	1	0	0	0	0	0	0	0	0	0	0	0	0															9800	0																				7634													10514	809	80	2339	13	11815	620	Classroom_Others	Classroom_Others	0				0			11393	2279	640	6236	5	11815	6236	11633	2327	700	6256	5	11795	6256	5	19270	21489	275,64	279,37
Recording064	ProVisioNET_study_109_01	Male	Novice	Drawing_fix	1	fullstream	Carl(a)	0	0	0	0	0	0	0	0	0	0	0	0	0	0	1	1	0	0	0	0	0	0	0	0	0	0	0	0	0	0	0	0	0	0	0	1	0	0	0	0	0	0	0	0	0	0	0	0															9800	0																				7634													4517	903	180	2579	5	5938	220	Classroom_Others	Classroom_Others	0				0			4577	1144	220	2579	4	5938	220	4837	1209	320	2638	4	5838	320	1	5838	6158	341,48	503,4
Recording064	ProVisioNET_study_109_01	Male	Novice	Drawing_fix	1	fullstream	Classroom_Others	0	0	0	0	0	0	0	0	0	0	0	0	0	0	1	1	0	0	0	0	0	0	0	0	0	0	0	0	0	0	0	0	0	0	0	1	0	0	0	0	0	0	0	0	0	0	0	0															9800	0																				7634													6734	396	76	3718	17	0	102	Classroom_Others	Classroom_Others	0				0			7054	641	100	3718	11	0	361	7593	690	180	3758	11	0	361	4	2080	361	419,28	248,84
Recording064	ProVisioNET_study_109_01	Male	Novice	Drawing_fix	1	fullstream	Disruptive_Person	0	0	0	0	0	0	0	0	0	0	0	0	0	0	1	1	0	0	0	0	0	0	0	0	0	0	0	0	0	0	0	0	0	0	0	1	0	0	0	0	0	0	0	0	0	0	0	0															9800	0																				7634													7556	1259	120	3718	6	2120	3718	Classroom_Others	Classroom_Others	0				0			8415	4208	4038	4377	2	2120	4038	8495	4248	4078	4417	2	2080	4078	2	2080	6158	419,28	503,4
Recording064	ProVisioNET_study_109_01	Male	Novice	Drumming_with_hands	1	fullstream	Anna	0	0	0	0	0	0	0	0	0	0	0	0	0	0	0	0	0	0	1	0	0	0	0	0	0	0	0	0	0	0	0	0	0	0	0	0	1	0	0	0	0	0	0	0	0	0	0	0																			0																		2009												2411	804	500	1359	3	0	552	Bianca		0				0			2431	1215	1072	1359	2	0	1072	2511	1255	1072	1439	2	0	1072	0		1072		386,37
Recording064	ProVisioNET_study_109_01	Male	Novice	Drumming_with_hands	1	fullstream	Bianca	0	0	0	0	0	0	0	0	0	0	0	0	0	0	0	0	0	0	1	0	0	0	0	0	0	0	0	0	0	0	0	0	0	0	0	0	1	0	0	0	0	0	0	0	0	0	0	0																			0																		2009												220	220	220	220	1	3410	220	Bianca		0				0			220	220	220	220	1	3410	220	300	300	300	300	1	3330	300	0				
Recording064	ProVisioNET_study_109_01	Male	Novice	Drumming_with_hands	1	fullstream	Carl(a)	0	0	0	0	0	0	0	0	0	0	0	0	0	0	0	0	0	0	1	0	0	0	0	0	0	0	0	0	0	0	0	0	0	0	0	0	1	0	0	0	0	0	0	0	0	0	0	0																			0																		2009												0				0			Bianca		0				0			0				0			0				0			0				
Recording064	ProVisioNET_study_109_01	Male	Novice	Drumming_with_hands	1	fullstream	Classroom_Others	0	0	0	0	0	0	0	0	0	0	0	0	0	0	0	0	0	0	1	0	0	0	0	0	0	0	0	0	0	0	0	0	0	0	0	0	1	0	0	0	0	0	0	0	0	0	0	0																			0																		2009												300	300	300	300	1	1112	300	Bianca		0				0			300	300	300	300	1	1112	300	340	340	340	340	1	1072	340	0	1072	1412	386,37	159,88
Recording064	ProVisioNET_study_109_01	Male	Novice	Drumming_with_hands	1	fullstream	Disruptive_Person	0	0	0	0	0	0	0	0	0	0	0	0	0	0	0	0	0	0	1	0	0	0	0	0	0	0	0	0	0	0	0	0	0	0	0	0	1	0	0	0	0	0	0	0	0	0	0	0																			0																		2009												2411	804	500	1359	3	0	552	Bianca		0				0			2431	1215	1072	1359	2	0	1072	2511	1255	1072	1439	2	0	1072	0		1072		386,37
Recording064	ProVisioNET_study_109_01	Male	Novice	Drumming_with_hands	1	fullstream	Material_Students	0	0	0	0	0	0	0	0	0	0	0	0	0	0	0	0	0	0	1	0	0	0	0	0	0	0	0	0	0	0	0	0	0	0	0	0	1	0	0	0	0	0	0	0	0	0	0	0																			0																		2009												0				0			Bianca		0				0			0				0			0				0			0				
Recording064	ProVisioNET_study_109_01	Male	Novice	Drumming_with_hands	1	fullstream	Nametag_Anna	0	0	0	0	0	0	0	0	0	0	0	0	0	0	0	0	0	0	1	0	0	0	0	0	0	0	0	0	0	0	0	0	0	0	0	0	1	0	0	0	0	0	0	0	0	0	0	0																			0																		2009												140	140	140	140	1	1432	140	Bianca		0				0			140	140	140	140	1	1432	140	160	160	160	160	1	1412	160	0	1412		159,88	
Recording064	ProVisioNET_study_109_01	Male	Novice	Drumming_with_hands_fix	1	fullstream	Anna	0	0	0	0	0	0	0	0	0	0	0	0	0	0	0	0	0	1	1	0	0	0	0	0	0	0	0	0	0	0	0	0	0	0	0	0	1	0	0	0	0	0	0	0	0	0	0	0																		3708	0																		2009												10546	1172	300	3078	9	0	552	Bianca	Bianca	0				0			11126	1854	680	3798	6	0	1072	11346	1891	720	3838	6	0	1072	0	12945	1072	331,1	386,37
Recording064	ProVisioNET_study_109_01	Male	Novice	Drumming_with_hands_fix	1	fullstream	Bianca	0	0	0	0	0	0	0	0	0	0	0	0	0	0	0	0	0	1	1	0	0	0	0	0	0	0	0	0	0	0	0	0	0	0	0	0	1	0	0	0	0	0	0	0	0	0	0	0																		3708	0																		2009												4315	1079	140	2299	4	3410	220	Bianca	Bianca	0				0			4315	1079	140	2299	4	3410	220	4615	1154	220	2339	4	3330	300	0	24478	12945	167,42	331,1
Recording064	ProVisioNET_study_109_01	Male	Novice	Drumming_with_hands_fix	1	fullstream	Board_Screen	0	0	0	0	0	0	0	0	0	0	0	0	0	0	0	0	0	1	1	0	0	0	0	0	0	0	0	0	0	0	0	0	0	0	0	0	1	0	0	0	0	0	0	0	0	0	0	0																		3708	0																		2009												240	240	240	240	1	16283	240	Bianca	Bianca	0				0			240	240	240	240	1	16283	240	260	260	260	260	1	16263	260	0				
Recording064	ProVisioNET_study_109_01	Male	Novice	Drumming_with_hands_fix	1	fullstream	Carl(a)	0	0	0	0	0	0	0	0	0	0	0	0	0	0	0	0	0	1	1	0	0	0	0	0	0	0	0	0	0	0	0	0	0	0	0	0	1	0	0	0	0	0	0	0	0	0	0	0																		3708	0																		2009												460	460	460	460	1	18202	460	Bianca	Bianca	0				0			460	460	460	460	1	18202	460	540	540	540	540	1	18122	540	0	18122		393,19	
Recording064	ProVisioNET_study_109_01	Male	Novice	Drumming_with_hands_fix	1	fullstream	Classroom_Others	0	0	0	0	0	0	0	0	0	0	0	0	0	0	0	0	0	1	1	0	0	0	0	0	0	0	0	0	0	0	0	0	0	0	0	0	1	0	0	0	0	0	0	0	0	0	0	0																		3708	0																		2009												5877	653	80	2678	9	1112	300	Bianca	Bianca	0				0			5996	1199	300	2958	5	1112	300	6136	1227	340	2998	5	1072	340	2	1072	1412	386,37	159,88
Recording064	ProVisioNET_study_109_01	Male	Novice	Drumming_with_hands_fix	1	fullstream	Disruptive_Person	0	0	0	0	0	0	0	0	0	0	0	0	0	0	0	0	0	1	1	0	0	0	0	0	0	0	0	0	0	0	0	0	0	0	0	0	1	0	0	0	0	0	0	0	0	0	0	0																		3708	0																		2009												2411	804	500	1359	3	0	552	Bianca	Bianca	0				0			2431	1215	1072	1359	2	0	1072	2511	1255	1072	1439	2	0	1072	0		1072		386,37
Recording064	ProVisioNET_study_109_01	Male	Novice	Drumming_with_hands_fix	1	fullstream	Material_Students	0	0	0	0	0	0	0	0	0	0	0	0	0	0	0	0	0	1	1	0	0	0	0	0	0	0	0	0	0	0	0	0	0	0	0	0	1	0	0	0	0	0	0	0	0	0	0	0																		3708	0																		2009												4397	733	80	2399	6	3930	80	Bianca	Bianca	0				0			4477	895	80	2399	5	3930	80	4657	931	100	2439	5	3910	100	1	10106	24478	322,18	167,42
Recording064	ProVisioNET_study_109_01	Male	Novice	Drumming_with_hands_fix	1	fullstream	Nametag_Anna	0	0	0	0	0	0	0	0	0	0	0	0	0	0	0	0	0	1	1	0	0	0	0	0	0	0	0	0	0	0	0	0	0	0	0	0	1	0	0	0	0	0	0	0	0	0	0	0																		3708	0																		2009												140	140	140	140	1	1432	140	Bianca	Bianca	0				0			140	140	140	140	1	1432	140	160	160	160	160	1	1412	160	0	1412		159,88	
Recording064	ProVisioNET_study_109_01	Male	Novice	Head_on_table	1	fullstream	Anna	0	0	0	0	0	0	0	0	0	0	0	0	0	0	0	0	0	0	0	0	0	1	0	0	0	0	0	0	0	0	0	0	0	0	0	0	0	1	0	0	0	0	0	0	0	0	0	0																						0																3185											0				0			Bianca,Disruptive_Person	Bianca,Disruptive_Person	0				0			0				0			0				0			0				
Recording064	ProVisioNET_study_109_01	Male	Novice	Head_on_table	1	fullstream	Bianca	0	0	0	0	0	0	0	0	0	0	0	0	0	0	0	0	0	0	0	0	0	1	0	0	0	0	0	0	0	0	0	0	0	0	0	0	0	1	0	0	0	0	0	0	0	0	0	0																						0																3185											3202	1067	740	1623	3	596	840	Bianca,Disruptive_Person	Bianca,Disruptive_Person	0				0			3442	1721	840	2602	2	596	840	3582	1791	899	2682	2	536	899	0	536	1435	303,59	230,1
Recording064	ProVisioNET_study_109_01	Male	Novice	Head_on_table	1	fullstream	Carl(a)	0	0	0	0	0	0	0	0	0	0	0	0	0	0	0	0	0	0	0	0	0	1	0	0	0	0	0	0	0	0	0	0	0	0	0	0	0	1	0	0	0	0	0	0	0	0	0	0																						0																3185											0				0			Bianca,Disruptive_Person	Bianca,Disruptive_Person	0				0			0				0			0				0			0				
Recording064	ProVisioNET_study_109_01	Male	Novice	Head_on_table	1	fullstream	Classroom_Others	0	0	0	0	0	0	0	0	0	0	0	0	0	0	0	0	0	0	0	0	0	1	0	0	0	0	0	0	0	0	0	0	0	0	0	0	0	1	0	0	0	0	0	0	0	0	0	0																						0																3185											140	140	140	140	1	1475	140	Bianca,Disruptive_Person	Bianca,Disruptive_Person	0				0			140	140	140	140	1	1475	140	180	180	180	180	1	1435	180	0	1435	1615	230,1	260,48
Recording064	ProVisioNET_study_109_01	Male	Novice	Head_on_table	1	fullstream	Disruptive_Person	0	0	0	0	0	0	0	0	0	0	0	0	0	0	0	0	0	0	0	0	0	1	0	0	0	0	0	0	0	0	0	0	0	0	0	0	0	1	0	0	0	0	0	0	0	0	0	0																						0																3185											3202	1067	740	1623	3	596	840	Bianca,Disruptive_Person	Bianca,Disruptive_Person	0				0			3442	1721	840	2602	2	596	840	3582	1791	899	2682	2	536	899	0	536	1435	303,59	230,1
Recording064	ProVisioNET_study_109_01	Male	Novice	Head_on_table	1	fullstream	Material_Students	0	0	0	0	0	0	0	0	0	0	0	0	0	0	0	0	0	0	0	0	0	1	0	0	0	0	0	0	0	0	0	0	0	0	0	0	0	1	0	0	0	0	0	0	0	0	0	0																						0																3185											536	536	536	536	1	0	536	Bianca,Disruptive_Person	Bianca,Disruptive_Person	0				0			536	536	536	536	1	0	536	536	536	536	536	1	0	536	0		536		303,59
Recording064	ProVisioNET_study_109_01	Male	Novice	Head_on_table	1	fullstream	Nametag_Bianca	0	0	0	0	0	0	0	0	0	0	0	0	0	0	0	0	0	0	0	0	0	1	0	0	0	0	0	0	0	0	0	0	0	0	0	0	0	1	0	0	0	0	0	0	0	0	0	0																						0																3185											320	320	320	320	1	1655	320	Bianca,Disruptive_Person	Bianca,Disruptive_Person	0				0			320	320	320	320	1	1655	320	360	360	360	360	1	1615	360	0	1615	1975	260,48	394,56
Recording064	ProVisioNET_study_109_01	Male	Novice	Head_on_table_fix	1	fullstream	Anna	0	0	0	0	0	0	0	0	0	0	0	0	0	0	0	0	0	0	0	0	1	1	0	0	0	0	0	0	0	0	0	0	0	0	0	0	0	1	0	0	0	0	0	0	0	0	0	0																					4657	0																3185											5077	1015	320	2858	5	6472	320	Material_Students		0				0			5077	1015	320	2858	5	6472	320	5317	1063	340	2938	5	6452	340	0	6452	6792	180,94	328,47
Recording064	ProVisioNET_study_109_01	Male	Novice	Head_on_table_fix	1	fullstream	Bianca	0	0	0	0	0	0	0	0	0	0	0	0	0	0	0	0	0	0	0	0	1	1	0	0	0	0	0	0	0	0	0	0	0	0	0	0	0	1	0	0	0	0	0	0	0	0	0	0																					4657	0																3185											8535	1067	200	2818	8	596	840	Material_Students		0				0			8795	1466	360	3158	6	596	840	9035	1506	400	3238	6	536	899	1	536	1435	303,59	230,1
Recording064	ProVisioNET_study_109_01	Male	Novice	Head_on_table_fix	1	fullstream	Carl(a)	0	0	0	0	0	0	0	0	0	0	0	0	0	0	0	0	0	0	0	0	1	1	0	0	0	0	0	0	0	0	0	0	0	0	0	0	0	1	0	0	0	0	0	0	0	0	0	0																					4657	0																3185											1879	626	500	760	3	16247	620	Material_Students		0				0			1979	1979	1979	1979	1	16247	1979	1999	1999	1999	1999	1	16227	1999	2	16227		125,37	
Recording064	ProVisioNET_study_109_01	Male	Novice	Head_on_table_fix	1	fullstream	Classroom_Others	0	0	0	0	0	0	0	0	0	0	0	0	0	0	0	0	0	0	0	0	1	1	0	0	0	0	0	0	0	0	0	0	0	0	0	0	0	1	0	0	0	0	0	0	0	0	0	0																					4657	0																3185											5137	428	100	1039	12	1475	140	Material_Students		0				0			5477	782	140	2079	7	1475	140	5717	817	180	2139	7	1435	180	4	1435	1615	230,1	260,48
Recording064	ProVisioNET_study_109_01	Male	Novice	Head_on_table_fix	1	fullstream	Disruptive_Person	0	0	0	0	0	0	0	0	0	0	0	0	0	0	0	0	0	0	0	0	1	1	0	0	0	0	0	0	0	0	0	0	0	0	0	0	0	1	0	0	0	0	0	0	0	0	0	0																					4657	0																3185											3758	1253	740	2179	3	596	840	Material_Students		0				0			3998	1999	840	3158	2	596	840	4138	2069	899	3238	2	536	899	0	536	1435	303,59	230,1
Recording064	ProVisioNET_study_109_01	Male	Novice	Head_on_table_fix	1	fullstream	Material_Students	0	0	0	0	0	0	0	0	0	0	0	0	0	0	0	0	0	0	0	0	1	1	0	0	0	0	0	0	0	0	0	0	0	0	0	0	0	1	0	0	0	0	0	0	0	0	0	0																					4657	0																3185											6213	1035	320	2858	6	0	536	Material_Students		0				0			6634	1327	320	3800	5	0	536	6774	1355	360	3820	5	0	536	0	5213	536	232,33	303,59
Recording064	ProVisioNET_study_109_01	Male	Novice	Head_on_table_fix	1	fullstream	Nametag_Anna	0	0	0	0	0	0	0	0	0	0	0	0	0	0	0	0	0	0	0	0	1	1	0	0	0	0	0	0	0	0	0	0	0	0	0	0	0	1	0	0	0	0	0	0	0	0	0	0																					4657	0																3185											120	120	120	120	1	6852	120	Material_Students		0				0			120	120	120	120	1	6852	120	180	180	180	180	1	6792	180	0	6792	6972	328,47	279,74
Recording064	ProVisioNET_study_109_01	Male	Novice	Head_on_table_fix	1	fullstream	Nametag_Bianca	0	0	0	0	0	0	0	0	0	0	0	0	0	0	0	0	0	0	0	0	1	1	0	0	0	0	0	0	0	0	0	0	0	0	0	0	0	1	0	0	0	0	0	0	0	0	0	0																					4657	0																3185											320	320	320	320	1	1655	320	Material_Students		0				0			320	320	320	320	1	1655	320	360	360	360	360	1	1615	360	0	1615	1975	260,48	394,56
Recording064	ProVisioNET_study_109_01	Male	Novice	Heckling	1	fullstream	Material_Teacher	0	0	0	0	0	0	0	0	0	0	0	0	0	0	0	0	0	0	0	0	0	0	0	0	1	0	0	0	0	0	0	0	0	0	0	0	0	0	0	0	0	0	0	0	0	0	0	0																									0																								1986	1986	1986	1986	1	0	1986	Material_Teacher	Material_Teacher	0				0			1986	1986	1986	1986	1	0	1986	1986	1986	1986	1986	1	0	1986	0				
Recording064	ProVisioNET_study_109_01	Male	Novice	Heckling_fix	1	fullstream	Anna	0	0	0	0	0	0	0	0	0	0	0	0	0	0	0	0	0	0	0	0	0	0	0	1	1	0	0	0	0	0	0	0	0	0	0	0	0	0	1	0	0	0	0	0	0	0	0	0																								1986	0														1986										2758	552	200	840	5	14689	840	Carl(a)	Carl(a)	0				0			2758	552	200	840	5	14689	840	3078	616	240	899	5	14629	899	0	14629	17187	392,38	390,01
Recording064	ProVisioNET_study_109_01	Male	Novice	Heckling_fix	1	fullstream	Bianca	0	0	0	0	0	0	0	0	0	0	0	0	0	0	0	0	0	0	0	0	0	0	0	1	1	0	0	0	0	0	0	0	0	0	0	0	0	0	1	0	0	0	0	0	0	0	0	0																								1986	0														1986										4597	511	100	879	9	5214	740	Carl(a)	Carl(a)	0				0			4617	577	180	879	8	5214	740	5097	637	240	939	8	5114	840	0	9572	5954	350,93	272,28
Recording064	ProVisioNET_study_109_01	Male	Novice	Heckling_fix	1	fullstream	Board_Screen	0	0	0	0	0	0	0	0	0	0	0	0	0	0	0	0	0	0	0	0	0	0	0	1	1	0	0	0	0	0	0	0	0	0	0	0	0	0	1	0	0	0	0	0	0	0	0	0																								1986	0														1986										3478	580	260	1719	6	16028	260	Carl(a)	Carl(a)	0				0			3558	1779	620	2938	2	16028	620	3678	1839	680	2998	2	15968	680	3	22484	25483	310,62	346,47
Recording064	ProVisioNET_study_109_01	Male	Novice	Heckling_fix	1	fullstream	Carl(a)	0	0	0	0	0	0	0	0	0	0	0	0	0	0	0	0	0	0	0	0	0	0	0	1	1	0	0	0	0	0	0	0	0	0	0	0	0	0	1	0	0	0	0	0	0	0	0	0																								1986	0														1986										1100	220	80	540	5	9032	540	Carl(a)	Carl(a)	0				0			1120	280	80	540	4	9032	540	1280	320	140	600	4	8972	600	1	8972	9572	374,64	350,93
Recording064	ProVisioNET_study_109_01	Male	Novice	Heckling_fix	1	fullstream	Classroom_Others	0	0	0	0	0	0	0	0	0	0	0	0	0	0	0	0	0	0	0	0	0	0	0	1	1	0	0	0	0	0	0	0	0	0	0	0	0	0	1	0	0	0	0	0	0	0	0	0																								1986	0														1986										2479	207	100	620	12	5994	160	Carl(a)	Carl(a)	0				0			2738	342	120	1099	8	5994	160	3138	392	200	1159	8	5954	200	3	5954	14149	272,28	236
Recording064	ProVisioNET_study_109_01	Male	Novice	Heckling_fix	1	fullstream	Material_Students	0	0	0	0	0	0	0	0	0	0	0	0	0	0	0	0	0	0	0	0	0	0	0	1	1	0	0	0	0	0	0	0	0	0	0	0	0	0	1	0	0	0	0	0	0	0	0	0																								1986	0														1986										500	167	80	320	3	18367	320	Carl(a)	Carl(a)	0				0			660	660	660	660	1	18367	660	700	700	700	700	1	18327	700	1	18327	19026	211,48	261,6
Recording064	ProVisioNET_study_109_01	Male	Novice	Heckling_fix	1	fullstream	Material_Teacher	0	0	0	0	0	0	0	0	0	0	0	0	0	0	0	0	0	0	0	0	0	0	0	1	1	0	0	0	0	0	0	0	0	0	0	0	0	0	1	0	0	0	0	0	0	0	0	0																								1986	0														1986										11031	613	140	2678	18	0	1996	Carl(a)	Carl(a)	0				0			11631	3877	2678	4995	3	0	4995	11651	3884	2698	4995	3	0	4995	13		8972		374,64
Recording064	ProVisioNET_study_109_01	Male	Novice	Lesson	1	fullstream	Anna	0	0	1	0	0	0	0	1	1	1	1	1	1	1	1	1	1	1	1	1	1	1	1	1	1	0	1	0	0	0	1	1	1	1	1	1	1	1	1	1	1	1	1	1	1	1	1	1			13527					919703	894435	889703	738720	716493	708720	378336	358135	348336	829011	802527	798819	649322	623979	619322	288433	260418	258432		0				558072	540291	528371	893636	714710	355970	800828	622506	260418	537976	439179	171297	467837	440178	437836	197684	172181	167684	150871	887	80	4098	170	840	260	Bianca	Bianca	0				0			153849	1076	100	6956	143	840	1179	160885	1125	120	7016	143	820	1199	11	820	2019	160,48	291,69
Recording064	ProVisioNET_study_109_01	Male	Novice	Lesson	1	fullstream	Bianca	0	0	1	0	0	0	0	1	1	1	1	1	1	1	1	1	1	1	1	1	1	1	1	1	1	0	1	0	0	0	1	1	1	1	1	1	1	1	1	1	1	1	1	1	1	1	1	1			13527					919703	894435	889703	738720	716493	708720	378336	358135	348336	829011	802527	798819	649322	623979	619322	288433	260418	258432		0				558072	540291	528371	893636	714710	355970	800828	622506	260418	537976	439179	171297	467837	440178	437836	197684	172181	167684	237229	941	80	4357	252	2059	160	Bianca	Bianca	0				0			243765	1237	100	7536	197	2059	160	253320	1286	140	7555	197	2019	200	22	2019	2219	291,69	306,15
Recording064	ProVisioNET_study_109_01	Male	Novice	Lesson	1	fullstream	Board_Screen	0	0	1	0	0	0	0	1	1	1	1	1	1	1	1	1	1	1	1	1	1	1	1	1	1	0	1	0	0	0	1	1	1	1	1	1	1	1	1	1	1	1	1	1	1	1	1	1			13527					919703	894435	889703	738720	716493	708720	378336	358135	348336	829011	802527	798819	649322	623979	619322	288433	260418	258432		0				558072	540291	528371	893636	714710	355970	800828	622506	260418	537976	439179	171297	467837	440178	437836	197684	172181	167684	130024	605	80	4337	215	78395	420	Bianca	Bianca	0				0			135640	1577	80	9294	86	78395	1159	138878	1615	120	9314	86	78375	1179	103	118692	283915	476,34	346,47
Recording064	ProVisioNET_study_109_01	Male	Novice	Lesson	1	fullstream	Carl(a)	0	0	1	0	0	0	0	1	1	1	1	1	1	1	1	1	1	1	1	1	1	1	1	1	1	0	1	0	0	0	1	1	1	1	1	1	1	1	1	1	1	1	1	1	1	1	1	1			13527					919703	894435	889703	738720	716493	708720	378336	358135	348336	829011	802527	798819	649322	623979	619322	288433	260418	258432		0				558072	540291	528371	893636	714710	355970	800828	622506	260418	537976	439179	171297	467837	440178	437836	197684	172181	167684	98402	787	80	6816	125	460	160	Bianca	Bianca	0				0			101560	1224	140	12213	83	460	360	105338	1269	140	12273	83	440	380	27	440	820	135,88	160,48
Recording064	ProVisioNET_study_109_01	Male	Novice	Lesson	1	fullstream	Classroom_Others	0	0	1	0	0	0	0	1	1	1	1	1	1	1	1	1	1	1	1	1	1	1	1	1	1	0	1	0	0	0	1	1	1	1	1	1	1	1	1	1	1	1	1	1	1	1	1	1			13527					919703	894435	889703	738720	716493	708720	378336	358135	348336	829011	802527	798819	649322	623979	619322	288433	260418	258432		0				558072	540291	528371	893636	714710	355970	800828	622506	260418	537976	439179	171297	467837	440178	437836	197684	172181	167684	130423	378	60	3718	345	220	220	Bianca	Bianca	0				0			145235	715	80	9394	203	220	220	154709	762	80	9434	203	200	240	101	200	440	103,34	135,88
Recording064	ProVisioNET_study_109_01	Male	Novice	Lesson	1	fullstream	Disruptive_Person	0	0	1	0	0	0	0	1	1	1	1	1	1	1	1	1	1	1	1	1	1	1	1	1	1	0	1	0	0	0	1	1	1	1	1	1	1	1	1	1	1	1	1	1	1	1	1	1			13527					919703	894435	889703	738720	716493	708720	378336	358135	348336	829011	802527	798819	649322	623979	619322	288433	260418	258432		0				558072	540291	528371	893636	714710	355970	800828	622506	260418	537976	439179	171297	467837	440178	437836	197684	172181	167684	37058	1123	80	4098	33	167283	1279	Bianca	Bianca	0				0			39976	2665	120	6576	15	167283	1279	40856	2724	180	6636	15	167223	1339	8	167223	168562	340,92	238,76
Recording064	ProVisioNET_study_109_01	Male	Novice	Lesson	1	fullstream	Material_Students	0	0	1	0	0	0	0	1	1	1	1	1	1	1	1	1	1	1	1	1	1	1	1	1	1	0	1	0	0	0	1	1	1	1	1	1	1	1	1	1	1	1	1	1	1	1	1	1			13527					919703	894435	889703	738720	716493	708720	378336	358135	348336	829011	802527	798819	649322	623979	619322	288433	260418	258432		0				558072	540291	528371	893636	714710	355970	800828	622506	260418	537976	439179	171297	467837	440178	437836	197684	172181	167684	53628	589	80	6916	91	276799	320	Bianca	Bianca	0				0			56187	814	80	7296	69	276799	660	58805	852	100	7336	69	276759	700	15	276759	277459	211,48	261,6
Recording064	ProVisioNET_study_109_01	Male	Novice	Lesson	1	fullstream	Material_Teacher	0	0	1	0	0	0	0	1	1	1	1	1	1	1	1	1	1	1	1	1	1	1	1	1	1	0	1	0	0	0	1	1	1	1	1	1	1	1	1	1	1	1	1	1	1	1	1	1			13527					919703	894435	889703	738720	716493	708720	378336	358135	348336	829011	802527	798819	649322	623979	619322	288433	260418	258432		0				558072	540291	528371	893636	714710	355970	800828	622506	260418	537976	439179	171297	467837	440178	437836	197684	172181	167684	90087	738	100	6436	122	6777	240	Bianca	Bianca	0				0			99082	2831	140	18469	35	6777	240	100341	2867	140	18489	35	6777	240	74	124788	129565	410,32	224,74
Recording064	ProVisioNET_study_109_01	Male	Novice	Lesson	1	fullstream	Nametag_Anna	0	0	1	0	0	0	0	1	1	1	1	1	1	1	1	1	1	1	1	1	1	1	1	1	1	0	1	0	0	0	1	1	1	1	1	1	1	1	1	1	1	1	1	1	1	1	1	1			13527					919703	894435	889703	738720	716493	708720	378336	358135	348336	829011	802527	798819	649322	623979	619322	288433	260418	258432		0				558072	540291	528371	893636	714710	355970	800828	622506	260418	537976	439179	171297	467837	440178	437836	197684	172181	167684	4637	386	120	1179	12	170621	240	Bianca	Bianca	0				0			4637	386	120	1179	12	170621	240	5037	420	160	1199	12	170581	280	0	170581	383517	240,97	251,1
Recording064	ProVisioNET_study_109_01	Male	Novice	Lesson	1	fullstream	Nametag_Bianca	0	0	1	0	0	0	0	1	1	1	1	1	1	1	1	1	1	1	1	1	1	1	1	1	1	0	1	0	0	0	1	1	1	1	1	1	1	1	1	1	1	1	1	1	1	1	1	1			13527					919703	894435	889703	738720	716493	708720	378336	358135	348336	829011	802527	798819	649322	623979	619322	288433	260418	258432		0				558072	540291	528371	893636	714710	355970	800828	622506	260418	537976	439179	171297	467837	440178	437836	197684	172181	167684	2878	221	140	340	13	15332	140	Bianca	Bianca	0				0			2878	221	140	340	13	15332	140	3498	269	180	420	13	15292	180	0	15292	58646	157,07	421,37
Recording064	ProVisioNET_study_109_01	Male	Novice	Looking_at_phone	1	fullstream	Anna	0	0	0	0	0	0	0	0	0	0	0	0	0	0	0	0	0	0	0	0	0	0	0	0	0	0	0	0	0	0	0	0	1	0	0	0	0	0	0	1	0	0	0	0	0	0	0	0																																	0							9605									2399	1199	820	1579	2	1679	820	Classroom_Others,Disruptive_Person		0				0			2399	1199	820	1579	2	1679	820	2538	1269	939	1599	2	1559	939	0		5677		328,72
Recording064	ProVisioNET_study_109_01	Male	Novice	Looking_at_phone	1	fullstream	Bianca	0	0	0	0	0	0	0	0	0	0	0	0	0	0	0	0	0	0	0	0	0	0	0	0	0	0	0	0	0	0	0	0	1	0	0	0	0	0	0	1	0	0	0	0	0	0	0	0																																	0							9605									2079	2079	2079	2079	1	5737	2079	Classroom_Others,Disruptive_Person		0				0			2079	2079	2079	2079	1	5737	2079	2139	2139	2139	2139	1	5677	2139	0	5677	7815	328,72	374,78
Recording064	ProVisioNET_study_109_01	Male	Novice	Looking_at_phone	1	fullstream	Board_Screen	0	0	0	0	0	0	0	0	0	0	0	0	0	0	0	0	0	0	0	0	0	0	0	0	0	0	0	0	0	0	0	0	1	0	0	0	0	0	0	1	0	0	0	0	0	0	0	0																																	0							9605									2259	323	60	959	7	0	60	Classroom_Others,Disruptive_Person		0				0			2419	1209	1039	1379	2	0	1379	2419	1209	1039	1379	2	0	1379	5				
Recording064	ProVisioNET_study_109_01	Male	Novice	Looking_at_phone	1	fullstream	Carl(a)	0	0	0	0	0	0	0	0	0	0	0	0	0	0	0	0	0	0	0	0	0	0	0	0	0	0	0	0	0	0	0	0	1	0	0	0	0	0	0	1	0	0	0	0	0	0	0	0																																	0							9605									760	380	360	400	2	7875	400	Classroom_Others,Disruptive_Person		0				0			820	820	820	820	1	7875	820	879	879	879	879	1	7815	879	1	7815	8695	374,78	422,72
Recording064	ProVisioNET_study_109_01	Male	Novice	Looking_at_phone	1	fullstream	Classroom_Others	0	0	0	0	0	0	0	0	0	0	0	0	0	0	0	0	0	0	0	0	0	0	0	0	0	0	0	0	0	0	0	0	1	0	0	0	0	0	0	1	0	0	0	0	0	0	0	0																																	0							9605									3138	1569	300	2838	2	8755	300	Classroom_Others,Disruptive_Person		0				0			3158	3158	3158	3158	1	8755	3158	3218	3218	3218	3218	1	8695	3218	1	8695		422,72	
Recording064	ProVisioNET_study_109_01	Male	Novice	Looking_at_phone	1	fullstream	Disruptive_Person	0	0	0	0	0	0	0	0	0	0	0	0	0	0	0	0	0	0	0	0	0	0	0	0	0	0	0	0	0	0	0	0	1	0	0	0	0	0	0	1	0	0	0	0	0	0	0	0																																	0							9605									3898	974	300	2838	4	7875	400	Classroom_Others,Disruptive_Person		0				0			4044	4044	4044	4044	1	7875	4044	4104	4104	4104	4104	1	7815	4104	3	7815		374,78	
Recording064	ProVisioNET_study_109_01	Male	Novice	Looking_at_phone_fix	1	fullstream	Anna	0	0	0	0	0	0	0	0	0	0	0	0	0	0	0	0	0	0	0	0	0	0	0	0	0	0	0	0	0	0	0	1	1	0	0	0	0	0	0	1	0	0	0	0	0	0	0	0																																11919	0							9605									3376	844	238	1579	4	1679	820	Anna	Anna	0				0			3376	844	238	1579	4	1679	820	3596	899	298	1599	4	1559	939	0	29403	5677	329,58	328,72
Recording064	ProVisioNET_study_109_01	Male	Novice	Looking_at_phone_fix	1	fullstream	Bianca	0	0	0	0	0	0	0	0	0	0	0	0	0	0	0	0	0	0	0	0	0	0	0	0	0	0	0	0	0	0	0	1	1	0	0	0	0	0	0	1	0	0	0	0	0	0	0	0																																11919	0							9605									6596	1649	260	3518	4	5737	2079	Anna	Anna	0				0			6596	1649	260	3518	4	5737	2079	6776	1694	260	3578	4	5677	2139	0	5677	7815	328,72	374,78
Recording064	ProVisioNET_study_109_01	Male	Novice	Looking_at_phone_fix	1	fullstream	Board_Screen	0	0	0	0	0	0	0	0	0	0	0	0	0	0	0	0	0	0	0	0	0	0	0	0	0	0	0	0	0	0	0	1	1	0	0	0	0	0	0	1	0	0	0	0	0	0	0	0																																11919	0							9605									2898	290	60	959	10	0	60	Anna	Anna	0				0			3078	770	220	1379	4	0	1379	3158	790	260	1379	4	0	1379	6	22027		343,55	
Recording064	ProVisioNET_study_109_01	Male	Novice	Looking_at_phone_fix	1	fullstream	Carl(a)	0	0	0	0	0	0	0	0	0	0	0	0	0	0	0	0	0	0	0	0	0	0	0	0	0	0	0	0	0	0	0	1	1	0	0	0	0	0	0	1	0	0	0	0	0	0	0	0																																11919	0							9605									8515	1419	140	4517	6	7875	400	Anna	Anna	0				0			8575	1715	140	4517	5	7875	820	8775	1755	140	4557	5	7815	879	1	7815	8695	374,78	422,72
Recording064	ProVisioNET_study_109_01	Male	Novice	Looking_at_phone_fix	1	fullstream	Classroom_Others	0	0	0	0	0	0	0	0	0	0	0	0	0	0	0	0	0	0	0	0	0	0	0	0	0	0	0	0	0	0	0	1	1	0	0	0	0	0	0	1	0	0	0	0	0	0	0	0																																11919	0							9605									3918	653	100	2838	6	8755	300	Anna	Anna	0				0			4257	1419	400	3158	3	8755	3158	4397	1466	440	3218	3	8695	3218	2	8695	22027	422,72	343,55
Recording064	ProVisioNET_study_109_01	Male	Novice	Looking_at_phone_fix	1	fullstream	Disruptive_Person	0	0	0	0	0	0	0	0	0	0	0	0	0	0	0	0	0	0	0	0	0	0	0	0	0	0	0	0	0	0	0	1	1	0	0	0	0	0	0	1	0	0	0	0	0	0	0	0																																11919	0							9605									4038	808	140	2838	5	7875	400	Anna	Anna	0				0			4417	4417	4417	4417	1	7875	4417	4477	4477	4477	4477	1	7815	4477	3	7815		374,78	
Recording064	ProVisioNET_study_109_01	Male	Novice	Snipping_with_fingers	1	fullstream	Anna	0	0	0	0	0	0	0	0	0	0	0	0	0	0	0	0	0	0	0	0	0	0	0	0	0	0	0	0	0	0	0	0	0	0	0	0	0	0	0	0	1	0	0	0	1	0	0	0																																									1342				0				1994	1994	1994	1994	1	348	1994	Anna,Disruptive_Person	Anna,Disruptive_Person	0				0			1994	1994	1994	1994	1	348	1994	2054	2054	2054	2054	1	288	2054	0	288		327,23	
Recording064	ProVisioNET_study_109_01	Male	Novice	Snipping_with_fingers	1	fullstream	Bianca	0	0	0	0	0	0	0	0	0	0	0	0	0	0	0	0	0	0	0	0	0	0	0	0	0	0	0	0	0	0	0	0	0	0	0	0	0	0	0	0	1	0	0	0	1	0	0	0																																									1342				0				288	288	288	288	1	0	288	Anna,Disruptive_Person	Anna,Disruptive_Person	0				0			288	288	288	288	1	0	288	288	288	288	288	1	0	288	0		288		327,23
Recording064	ProVisioNET_study_109_01	Male	Novice	Snipping_with_fingers	1	fullstream	Carl(a)	0	0	0	0	0	0	0	0	0	0	0	0	0	0	0	0	0	0	0	0	0	0	0	0	0	0	0	0	0	0	0	0	0	0	0	0	0	0	0	0	1	0	0	0	1	0	0	0																																									1342				0				0				0			Anna,Disruptive_Person	Anna,Disruptive_Person	0				0			0				0			0				0			0				
Recording064	ProVisioNET_study_109_01	Male	Novice	Snipping_with_fingers	1	fullstream	Disruptive_Person	0	0	0	0	0	0	0	0	0	0	0	0	0	0	0	0	0	0	0	0	0	0	0	0	0	0	0	0	0	0	0	0	0	0	0	0	0	0	0	0	1	0	0	0	1	0	0	0																																									1342				0				1994	1994	1994	1994	1	348	1994	Anna,Disruptive_Person	Anna,Disruptive_Person	0				0			1994	1994	1994	1994	1	348	1994	2054	2054	2054	2054	1	288	2054	0	288		327,23	
Recording064	ProVisioNET_study_109_01	Male	Novice	Snpping_with_fingers_fix	1	fullstream	Anna	0	0	0	0	0	0	0	0	0	0	0	0	0	0	0	0	0	0	0	0	0	0	0	0	0	0	0	0	0	0	0	0	0	0	0	0	0	0	0	0	1	0	0	1	1	0	0	0																																									1342			2342	0				8205	1641	360	4098	5	348	4098	Anna	Anna	0				0			8505	2835	360	6956	3	348	6956	8645	2882	380	7016	3	288	7016	0	288	7304	327,23	507,26
Recording064	ProVisioNET_study_109_01	Male	Novice	Snpping_with_fingers_fix	1	fullstream	Bianca	0	0	0	0	0	0	0	0	0	0	0	0	0	0	0	0	0	0	0	0	0	0	0	0	0	0	0	0	0	0	0	0	0	0	0	0	0	0	0	0	1	0	0	1	1	0	0	0																																									1342			2342	0				1727	432	288	560	4	0	288	Anna	Anna	0				0			1727	432	288	560	4	0	288	1887	472	288	620	4	0	288	0	10642	288	398,43	327,23
Recording064	ProVisioNET_study_109_01	Male	Novice	Snpping_with_fingers_fix	1	fullstream	Board_Screen	0	0	0	0	0	0	0	0	0	0	0	0	0	0	0	0	0	0	0	0	0	0	0	0	0	0	0	0	0	0	0	0	0	0	0	0	0	0	0	0	1	0	0	1	1	0	0	0																																									1342			2342	0				1559	223	80	480	7	12001	80	Anna	Anna	0				0			1699	566	80	1139	3	12001	80	1739	580	120	1139	3	11961	120	4		12081		127,51
Recording064	ProVisioNET_study_109_01	Male	Novice	Snpping_with_fingers_fix	1	fullstream	Carl(a)	0	0	0	0	0	0	0	0	0	0	0	0	0	0	0	0	0	0	0	0	0	0	0	0	0	0	0	0	0	0	0	0	0	0	0	0	0	0	0	0	1	0	0	1	1	0	0	0																																									1342			2342	0				14871	2124	320	6816	7	7824	400	Anna	Anna	0				0			15071	3014	320	10774	5	7824	2818	15251	3050	360	10794	5	7784	2858	0	7784	10642	208,98	398,43
Recording064	ProVisioNET_study_109_01	Male	Novice	Snpping_with_fingers_fix	1	fullstream	Classroom_Others	0	0	0	0	0	0	0	0	0	0	0	0	0	0	0	0	0	0	0	0	0	0	0	0	0	0	0	0	0	0	0	0	0	0	0	0	0	0	0	0	1	0	0	1	1	0	0	0																																									1342			2342	0				580	290	180	400	2	7384	400	Anna	Anna	0				0			580	290	180	400	2	7384	400	700	350	220	480	2	7304	480	0	7304	7784	507,26	208,98
Recording064	ProVisioNET_study_109_01	Male	Novice	Snpping_with_fingers_fix	1	fullstream	Disruptive_Person	0	0	0	0	0	0	0	0	0	0	0	0	0	0	0	0	0	0	0	0	0	0	0	0	0	0	0	0	0	0	0	0	0	0	0	0	0	0	0	0	1	0	0	1	1	0	0	0																																									1342			2342	0				6296	3148	2199	4098	2	348	4098	Anna	Anna	0				0			6576	6576	6576	6576	1	348	6576	6636	6636	6636	6636	1	288	6636	0	288		327,23	
Recording064	ProVisioNET_study_109_01	Male	Novice	Whispering	1	fullstream	Anna	0	0	0	0	0	0	0	0	0	0	0	0	0	0	0	0	0	0	0	0	0	0	0	0	0	0	0	0	0	0	0	0	0	0	0	0	0	0	0	0	0	1	0	0	0	0	0	1																																										3613						0	1579	395	120	878	4	0	878	Anna	Anna	0				0			1579	395	120	878	4	0	878	1779	445	180	878	4	0	878	0	2457	878	180,1	238,76
Recording064	ProVisioNET_study_109_01	Male	Novice	Whispering	1	fullstream	Bianca	0	0	0	0	0	0	0	0	0	0	0	0	0	0	0	0	0	0	0	0	0	0	0	0	0	0	0	0	0	0	0	0	0	0	0	0	0	0	0	0	0	1	0	0	0	0	0	1																																										3613						0	720	360	100	620	2	918	100	Anna	Anna	0				0			720	360	100	620	2	918	100	819	410	140	680	2	878	140	0	878	1018	238,76	332,24
Recording064	ProVisioNET_study_109_01	Male	Novice	Whispering	1	fullstream	Carl(a)	0	0	0	0	0	0	0	0	0	0	0	0	0	0	0	0	0	0	0	0	0	0	0	0	0	0	0	0	0	0	0	0	0	0	0	0	0	0	0	0	0	1	0	0	0	0	0	1																																										3613						0	720	720	720	720	1	1058	720	Anna	Anna	0				0			720	720	720	720	1	1058	720	760	760	760	760	1	1018	760	0	1018	1778	332,24	392,22
Recording064	ProVisioNET_study_109_01	Male	Novice	Whispering	1	fullstream	Classroom_Others	0	0	0	0	0	0	0	0	0	0	0	0	0	0	0	0	0	0	0	0	0	0	0	0	0	0	0	0	0	0	0	0	0	0	0	0	0	0	0	0	0	1	0	0	0	0	0	1																																										3613						0	240	120	80	160	2	3317	80	Anna	Anna	0				0			240	120	80	160	2	3317	80	280	140	80	200	2	3317	80	0	3877		247,18	
Recording064	ProVisioNET_study_109_01	Male	Novice	Whispering	1	fullstream	Disruptive_Person	0	0	0	0	0	0	0	0	0	0	0	0	0	0	0	0	0	0	0	0	0	0	0	0	0	0	0	0	0	0	0	0	0	0	0	0	0	0	0	0	0	1	0	0	0	0	0	1																																										3613						0	1398	466	120	878	3	0	878	Anna	Anna	0				0			1398	466	120	878	3	0	878	1498	499	180	878	3	0	878	0	2457	878	180,1	238,76
Recording064	ProVisioNET_study_109_01	Male	Novice	Whispering	1	fullstream	Nametag_Anna	0	0	0	0	0	0	0	0	0	0	0	0	0	0	0	0	0	0	0	0	0	0	0	0	0	0	0	0	0	0	0	0	0	0	0	0	0	0	0	0	0	1	0	0	0	0	0	1																																										3613						0	240	240	240	240	1	2937	240	Anna	Anna	0				0			240	240	240	240	1	2937	240	280	280	280	280	1	2897	280	0	2897		240,97	
Recording064	ProVisioNET_study_109_01	Male	Novice	Whispering	1	fullstream	Nametag_Bianca	0	0	0	0	0	0	0	0	0	0	0	0	0	0	0	0	0	0	0	0	0	0	0	0	0	0	0	0	0	0	0	0	0	0	0	0	0	0	0	0	0	1	0	0	0	0	0	1																																										3613						0	160	160	160	160	1	3537	160	Anna	Anna	0				0			160	160	160	160	1	3537	160	220	220	220	220	1	3477	220	0		3697		295,42
Recording064	ProVisioNET_study_109_01	Male	Novice	Whispering_fix	1	fullstream	Anna	0	0	0	0	0	0	0	0	0	0	0	0	0	0	0	0	0	0	0	0	0	0	0	0	0	0	0	0	0	0	0	0	0	0	0	0	0	0	0	0	0	1	0	0	0	0	1	1																																										3613					4497	0	4296	859	120	2618	5	0	878	Material_Teacher	Material_Teacher	0				0			4296	859	120	2618	5	0	878	4556	911	180	2718	5	0	878	0	2457	878	180,1	238,76
Recording064	ProVisioNET_study_109_01	Male	Novice	Whispering_fix	1	fullstream	Bianca	0	0	0	0	0	0	0	0	0	0	0	0	0	0	0	0	0	0	0	0	0	0	0	0	0	0	0	0	0	0	0	0	0	0	0	0	0	0	0	0	0	1	0	0	0	0	1	1																																										3613					4497	0	16370	1364	80	4138	12	918	100	Material_Teacher	Material_Teacher	0				0			16770	1863	100	4577	9	918	100	17110	1901	140	4597	9	878	140	1	878	1018	238,76	332,24
Recording064	ProVisioNET_study_109_01	Male	Novice	Whispering_fix	1	fullstream	Board_Screen	0	0	0	0	0	0	0	0	0	0	0	0	0	0	0	0	0	0	0	0	0	0	0	0	0	0	0	0	0	0	0	0	0	0	0	0	0	0	0	0	0	1	0	0	0	0	1	1																																										3613					4497	0	280	280	280	280	1	11012	280	Material_Teacher	Material_Teacher	0				0			280	280	280	280	1	11012	280	340	340	340	340	1	10953	340	0				
Recording064	ProVisioNET_study_109_01	Male	Novice	Whispering_fix	1	fullstream	Carl(a)	0	0	0	0	0	0	0	0	0	0	0	0	0	0	0	0	0	0	0	0	0	0	0	0	0	0	0	0	0	0	0	0	0	0	0	0	0	0	0	0	0	1	0	0	0	0	1	1																																										3613					4497	0	1659	830	720	939	2	1058	720	Material_Teacher	Material_Teacher	0				0			1659	830	720	939	2	1058	720	1759	879	760	999	2	1018	760	0	1018	1778	332,24	392,22
Recording064	ProVisioNET_study_109_01	Male	Novice	Whispering_fix	1	fullstream	Classroom_Others	0	0	0	0	0	0	0	0	0	0	0	0	0	0	0	0	0	0	0	0	0	0	0	0	0	0	0	0	0	0	0	0	0	0	0	0	0	0	0	0	0	1	0	0	0	0	1	1																																										3613					4497	0	640	160	80	320	4	3317	80	Material_Teacher	Material_Teacher	0				0			640	160	80	320	4	3317	80	700	175	80	340	4	3317	80	0	3877	15150	247,18	111,28
Recording064	ProVisioNET_study_109_01	Male	Novice	Whispering_fix	1	fullstream	Disruptive_Person	0	0	0	0	0	0	0	0	0	0	0	0	0	0	0	0	0	0	0	0	0	0	0	0	0	0	0	0	0	0	0	0	0	0	0	0	0	0	0	0	0	1	0	0	0	0	1	1																																										3613					4497	0	1398	466	120	878	3	0	878	Material_Teacher	Material_Teacher	0				0			1398	466	120	878	3	0	878	1498	499	180	878	3	0	878	0	2457	878	180,1	238,76
Recording064	ProVisioNET_study_109_01	Male	Novice	Whispering_fix	1	fullstream	Material_Teacher	0	0	0	0	0	0	0	0	0	0	0	0	0	0	0	0	0	0	0	0	0	0	0	0	0	0	0	0	0	0	0	0	0	0	0	0	0	0	0	0	0	1	0	0	0	0	1	1																																										3613					4497	0	2597	1298	180	2417	2	19827	180	Material_Teacher	Material_Teacher	0				0			2597	1298	180	2417	2	19827	180	2697	1348	260	2437	2	19747	260	0	19747		402,94	
Recording064	ProVisioNET_study_109_01	Male	Novice	Whispering_fix	1	fullstream	Nametag_Anna	0	0	0	0	0	0	0	0	0	0	0	0	0	0	0	0	0	0	0	0	0	0	0	0	0	0	0	0	0	0	0	0	0	0	0	0	0	0	0	0	0	1	0	0	0	0	1	1																																										3613					4497	0	240	240	240	240	1	2937	240	Material_Teacher	Material_Teacher	0				0			240	240	240	240	1	2937	240	280	280	280	280	1	2897	280	0	2897		240,97	
Recording064	ProVisioNET_study_109_01	Male	Novice	Whispering_fix	1	fullstream	Nametag_Bianca	0	0	0	0	0	0	0	0	0	0	0	0	0	0	0	0	0	0	0	0	0	0	0	0	0	0	0	0	0	0	0	0	0	0	0	0	0	0	0	0	0	1	0	0	0	0	1	1																																										3613					4497	0	300	150	140	160	2	3537	160	Material_Teacher	Material_Teacher	0				0			300	150	140	160	2	3537	160	420	210	200	220	2	3477	220	0	9473	3697	439,43	295,42
Recording064	ProVisioNET_study_109_01	Male	Novice	snapshop_A_nametag	1	snapshop_A_nametag	Nametag_Anna	0	0	0	0	0	0	0	0	0	0	0	0	0	0	0	0	0	0	0	0	0	0	0	0	0	0	0	0	0	0	0	0	0	0	0	0	0	0	0	0	0	0	0	0	0	0	0	0																																																	240	240	240	240	1	0	240	Nametag_Anna	Nametag_Anna	0				0			240	240	240	240	1	0	240	240	240	240	240	1	0	240	0				
Recording064	ProVisioNET_study_109_01	Male	Novice	snapshop_A_nametag	2	snapshop_A_nametag	Nametag_Anna	0	0	0	0	0	0	0	0	0	0	0	0	0	0	0	0	0	0	0	0	0	0	0	0	0	0	0	0	0	0	0	0	0	0	0	0	0	0	0	0	0	0	0	0	0	0	0	0																																																	720	720	720	720	1	0	720	Nametag_Anna	Nametag_Anna	0				0			720	720	720	720	1	0	720	720	720	720	720	1	0	720	0				
Recording064	ProVisioNET_study_109_01	Male	Novice	snapshop_A_nametag	3	snapshop_A_nametag	Nametag_Anna	0	0	0	0	0	0	0	0	0	0	0	0	0	0	0	0	0	0	0	0	0	0	0	0	0	0	0	0	0	0	0	0	0	0	0	0	0	0	0	0	0	0	0	0	0	0	0	0																																																	120	120	120	120	1	0	120	Nametag_Anna	Nametag_Anna	0				0			120	120	120	120	1	0	120	120	120	120	120	1	0	120	0				
Recording064	ProVisioNET_study_109_01	Male	Novice	snapshop_A_nametag	4	snapshop_A_nametag	Nametag_Anna	0	0	0	0	0	0	0	0	0	0	0	0	0	0	0	0	0	0	0	0	0	0	0	0	0	0	0	0	0	0	0	0	0	0	0	0	0	0	0	0	0	0	0	0	0	0	0	0																																																	220	220	220	220	1	0	220	Nametag_Anna	Nametag_Anna	0				0			220	220	220	220	1	0	220	220	220	220	220	1	0	220	0				
Recording064	ProVisioNET_study_109_01	Male	Novice	snapshop_A_nametag	5	snapshop_A_nametag	Nametag_Anna	0	0	0	0	0	0	0	0	0	0	0	0	0	0	0	0	0	0	0	0	0	0	0	0	0	0	0	0	0	0	0	0	0	0	0	0	0	0	0	0	0	0	0	0	0	0	0	0																																																	120	120	120	120	1	0	120	Nametag_Anna	Nametag_Anna	0				0			120	120	120	120	1	0	120	120	120	120	120	1	0	120	0				
Recording064	ProVisioNET_study_109_01	Male	Novice	snapshop_A_nametag	6	snapshop_A_nametag	Nametag_Anna	0	0	0	0	0	0	0	0	0	0	0	0	0	0	0	0	0	0	0	0	0	0	0	0	0	0	0	0	0	0	0	0	0	0	0	0	0	0	0	0	0	0	0	0	0	0	0	0																																																	1179	1179	1179	1179	1	0	1179	Nametag_Anna	Nametag_Anna	0				0			1179	1179	1179	1179	1	0	1179	1179	1179	1179	1179	1	0	1179	0				
Recording064	ProVisioNET_study_109_01	Male	Novice	snapshop_A_nametag	7	snapshop_A_nametag	Nametag_Anna	0	0	0	0	0	0	0	0	0	0	0	0	0	0	0	0	0	0	0	0	0	0	0	0	0	0	0	0	0	0	0	0	0	0	0	0	0	0	0	0	0	0	0	0	0	0	0	0																																																	979	490	440	540	2	0	540	Nametag_Anna	Nametag_Anna	0				0			1499	1499	1499	1499	1	0	1499	1499	1499	1499	1499	1	0	1499	2				
Recording064	ProVisioNET_study_109_01	Male	Novice	snapshop_A_nametag	8	snapshop_A_nametag	Nametag_Anna	0	0	0	0	0	0	0	0	0	0	0	0	0	0	0	0	0	0	0	0	0	0	0	0	0	0	0	0	0	0	0	0	0	0	0	0	0	0	0	0	0	0	0	0	0	0	0	0																																																	680	340	180	500	2	0	180	Nametag_Anna	Nametag_Anna	0				0			3758	3758	3758	3758	1	0	3758	3758	3758	3758	3758	1	0	3758	6				
Recording064	ProVisioNET_study_109_01	Male	Novice	snapshop_A_nametag	9	snapshop_A_nametag	Nametag_Anna	0	0	0	0	0	0	0	0	0	0	0	0	0	0	0	0	0	0	0	0	0	0	0	0	0	0	0	0	0	0	0	0	0	0	0	0	0	0	0	0	0	0	0	0	0	0	0	0																																																	140	140	140	140	1	0	140	Nametag_Anna	Nametag_Anna	0				0			140	140	140	140	1	0	140	140	140	140	140	1	0	140	0				
Recording064	ProVisioNET_study_109_01	Male	Novice	snapshop_A_nametag	10	snapshop_A_nametag	Nametag_Anna	0	0	0	0	0	0	0	0	0	0	0	0	0	0	0	0	0	0	0	0	0	0	0	0	0	0	0	0	0	0	0	0	0	0	0	0	0	0	0	0	0	0	0	0	0	0	0	0																																																	240	240	240	240	1	0	240	Nametag_Anna	Nametag_Anna	0				0			240	240	240	240	1	0	240	240	240	240	240	1	0	240	0				
Recording064	ProVisioNET_study_109_01	Male	Novice	snapshop_B_nametag	1	snapshop_B_nametag	Nametag_Bianca	0	0	0	0	0	0	0	0	0	0	0	0	0	0	0	0	0	0	0	0	0	0	0	0	0	0	0	0	0	0	0	0	0	0	0	0	0	0	0	0	0	0	0	0	0	0	0	0																																																	140	140	140	140	1	0	140	Nametag_Bianca	Nametag_Bianca	0				0			140	140	140	140	1	0	140	140	140	140	140	1	0	140	0				
Recording064	ProVisioNET_study_109_01	Male	Novice	snapshop_B_nametag	2	snapshop_B_nametag	Nametag_Bianca	0	0	0	0	0	0	0	0	0	0	0	0	0	0	0	0	0	0	0	0	0	0	0	0	0	0	0	0	0	0	0	0	0	0	0	0	0	0	0	0	0	0	0	0	0	0	0	0																																																	260	260	260	260	1	0	260	Nametag_Bianca	Nametag_Bianca	0				0			260	260	260	260	1	0	260	260	260	260	260	1	0	260	0				
Recording064	ProVisioNET_study_109_01	Male	Novice	snapshop_B_nametag	3	snapshop_B_nametag	Nametag_Bianca	0	0	0	0	0	0	0	0	0	0	0	0	0	0	0	0	0	0	0	0	0	0	0	0	0	0	0	0	0	0	0	0	0	0	0	0	0	0	0	0	0	1	0	0	0	0	0	0																																										76							160	160	160	160	1	0	160	Nametag_Bianca	Nametag_Bianca	0				0			160	160	160	160	1	0	160	160	160	160	160	1	0	160	0				
Recording064	ProVisioNET_study_109_01	Male	Novice	snapshop_B_nametag	4	snapshop_B_nametag	Nametag_Bianca	0	0	0	0	0	0	0	0	0	0	0	0	0	0	0	0	0	0	0	0	0	0	0	0	0	0	0	0	0	0	0	0	0	0	0	0	0	0	0	0	0	0	0	0	0	0	0	0																																																	140	140	140	140	1	0	140	Nametag_Bianca	Nametag_Bianca	0				0			140	140	140	140	1	0	140	140	140	140	140	1	0	140	0				
Recording064	ProVisioNET_study_109_01	Male	Novice	snapshop_B_nametag	5	snapshop_B_nametag	Nametag_Bianca	0	0	0	0	0	0	0	0	0	0	0	0	0	0	0	0	0	0	0	0	0	0	0	0	0	0	0	0	0	0	0	0	0	0	0	0	0	0	0	0	0	0	0	0	0	0	0	0																																																	340	340	340	340	1	0	340	Nametag_Bianca	Nametag_Bianca	0				0			340	340	340	340	1	0	340	340	340	340	340	1	0	340	0				
Recording064	ProVisioNET_study_109_01	Male	Novice	snapshop_B_nametag	6	snapshop_B_nametag	Nametag_Bianca	0	0	0	0	0	0	0	0	0	0	0	0	0	0	0	0	0	0	0	0	0	0	0	0	0	0	0	0	0	0	0	0	0	0	0	0	0	0	0	0	0	0	0	0	0	0	0	0																																																	320	320	320	320	1	0	320	Nametag_Bianca	Nametag_Bianca	0				0			320	320	320	320	1	0	320	320	320	320	320	1	0	320	0				
Recording064	ProVisioNET_study_109_01	Male	Novice	snapshop_B_nametag	7	snapshop_B_nametag	Nametag_Bianca	0	0	0	0	0	0	0	0	0	0	0	0	0	0	0	0	0	0	0	0	0	0	0	0	0	0	0	0	0	0	0	0	0	0	0	0	0	0	0	0	0	0	0	0	0	0	0	0																																																	320	320	320	320	1	0	320	Nametag_Bianca	Nametag_Bianca	0				0			320	320	320	320	1	0	320	320	320	320	320	1	0	320	0				
Recording064	ProVisioNET_study_109_01	Male	Novice	snapshop_B_nametag	8	snapshop_B_nametag	Nametag_Bianca	0	0	0	0	0	0	0	0	0	0	0	0	0	0	0	0	0	0	0	0	0	0	0	0	0	0	0	0	0	0	0	0	0	0	0	0	0	0	0	0	0	0	0	0	0	0	0	0																																																	200	200	200	200	1	0	200	Nametag_Bianca	Nametag_Bianca	0				0			200	200	200	200	1	0	200	200	200	200	200	1	0	200	0				
Recording064	ProVisioNET_study_109_01	Male	Novice	snapshop_B_nametag	9	snapshop_B_nametag	Nametag_Bianca	0	0	0	0	0	0	0	0	0	0	0	0	0	0	0	0	0	0	0	0	0	0	0	0	0	0	0	0	0	0	0	0	0	0	0	0	0	0	0	0	0	0	0	0	0	0	0	0																																																	800	200	140	320	4	0	160	Nametag_Bianca	Nametag_Bianca	0				0			4777	4777	4777	4777	1	0	4777	4777	4777	4777	4777	1	0	4777	9				
Recording064	ProVisioNET_study_109_01	Male	Novice	snapshop_B_nametag	10	snapshop_B_nametag	Nametag_Bianca	0	0	0	0	0	0	0	0	0	0	0	0	0	0	0	0	0	0	0	0	0	0	0	0	0	0	0	0	0	0	0	0	0	0	0	0	0	0	0	0	0	0	0	0	0	0	0	0																																																	200	200	200	200	1	0	200	Nametag_Bianca	Nametag_Bianca	0				0			200	200	200	200	1	0	200	200	200	200	200	1	0	200	0				
Recording064	ProVisioNET_study_109_01	Male	Novice	snapshop_board_screen	1	snapshop_board_screen	Board_Screen	0	0	0	0	0	0	0	0	0	0	0	0	0	0	0	0	0	0	0	0	0	0	0	0	0	0	0	0	0	0	0	0	0	0	0	0	0	0	0	0	0	0	0	0	0	0	0	0																																																	16131	597	80	4158	27	0	420	Board_Screen	Board_Screen	0				0			42235	42235	42235	42235	1	0	42235	42235	42235	42235	42235	1	0	42235	24				
Recording064	ProVisioNET_study_109_01	Male	Novice	snapshop_board_screen	2	snapshop_board_screen	Board_Screen	0	0	0	0	0	0	0	0	0	0	0	0	0	0	0	0	0	0	0	0	0	0	0	0	0	0	0	0	0	0	0	0	0	0	0	0	0	0	0	0	0	0	0	0	0	0	0	0																																																	460	153	80	220	3	0	80	Board_Screen	Board_Screen	0				0			500	500	500	500	1	0	500	500	500	500	500	1	0	500	0				
Recording064	ProVisioNET_study_109_01	Male	Novice	snapshop_board_screen	3	snapshop_board_screen	Board_Screen	0	0	0	0	0	0	0	0	0	0	0	0	0	0	0	0	0	0	0	0	0	0	0	0	0	0	0	0	0	0	0	0	0	0	0	0	0	0	0	0	0	0	0	0	0	0	0	0																																																	280	280	280	280	1	0	280	Board_Screen	Board_Screen	0				0			280	280	280	280	1	0	280	280	280	280	280	1	0	280	0				
Recording064	ProVisioNET_study_109_01	Male	Novice	snapshop_board_screen	4	snapshop_board_screen	Board_Screen	0	0	0	0	0	0	0	0	0	0	0	0	0	0	0	0	0	0	0	0	0	0	0	0	0	0	0	0	0	0	0	0	0	0	0	0	0	0	0	0	0	0	0	0	0	0	0	0																																																	540	540	540	540	1	0	540	Board_Screen	Board_Screen	0				0			540	540	540	540	1	0	540	540	540	540	540	1	0	540	0				
Recording064	ProVisioNET_study_109_01	Male	Novice	snapshop_board_screen	5	snapshop_board_screen	Board_Screen	0	0	0	0	0	0	0	0	0	0	0	0	0	0	0	0	0	0	0	0	0	0	0	0	0	0	0	0	0	0	0	0	0	0	0	0	0	0	0	0	0	0	0	0	0	0	0	0																																																	1499	250	80	560	6	0	280	Board_Screen	Board_Screen	0				0			6816	6816	6816	6816	1	0	6816	6816	6816	6816	6816	1	0	6816	3				
Recording064	ProVisioNET_study_109_01	Male	Novice	snapshop_board_screen	6	snapshop_board_screen	Board_Screen	0	0	0	0	0	0	0	0	0	0	0	0	0	0	0	0	0	0	0	0	0	0	0	0	0	0	0	0	0	0	0	0	0	0	0	0	0	0	0	0	0	0	0	0	0	0	0	0																																																	1119	373	80	859	3	0	80	Board_Screen	Board_Screen	0				0			1239	1239	1239	1239	1	0	1239	1239	1239	1239	1239	1	0	1239	2				
Recording064	ProVisioNET_study_109_01	Male	Novice	snapshop_board_screen	7	snapshop_board_screen	Board_Screen	0	0	0	0	0	0	0	0	0	0	0	0	0	0	0	0	0	0	0	0	0	0	0	0	0	0	0	0	0	0	0	0	0	0	0	0	0	0	0	0	0	0	0	0	0	0	0	0																																																	2519	630	300	1099	4	0	520	Board_Screen	Board_Screen	0				0			2698	2698	2698	2698	1	0	2698	2698	2698	2698	2698	1	0	2698	3				
Recording064	ProVisioNET_study_109_01	Male	Novice	snapshop_board_screen	8	snapshop_board_screen	Board_Screen	0	0	0	0	0	0	0	0	0	0	0	0	0	0	0	0	0	0	0	0	0	0	0	0	0	0	0	0	0	0	0	0	0	0	0	0	0	0	0	0	0	0	0	0	0	0	0	0																																																	600	300	260	340	2	0	260	Board_Screen	Board_Screen	0				0			620	620	620	620	1	0	620	620	620	620	620	1	0	620	1				
Recording064	ProVisioNET_study_109_01	Male	Novice	snapshop_board_screen	9	snapshop_board_screen	Board_Screen	0	0	0	0	0	0	0	0	0	0	0	0	0	0	0	0	0	0	0	0	0	0	0	0	0	0	0	0	0	0	0	0	0	0	0	0	0	0	0	0	0	0	0	0	0	0	0	0																																																	2878	720	280	1719	4	0	280	Board_Screen	Board_Screen	0				0			2938	2938	2938	2938	1	0	2938	2938	2938	2938	2938	1	0	2938	2				
Recording064	ProVisioNET_study_109_01	Male	Novice	snapshop_board_screen	10	snapshop_board_screen	Board_Screen	0	0	0	0	0	0	0	0	0	0	0	0	0	0	0	0	0	0	0	0	0	0	0	0	0	0	0	0	0	0	0	0	0	0	0	0	0	0	0	0	0	0	0	0	0	0	0	0																																																	11493	1277	140	3218	9	0	3218	Board_Screen	Board_Screen	0				0			23986	23986	23986	23986	1	0	23986	23986	23986	23986	23986	1	0	23986	20				
Recording064	ProVisioNET_study_109_01	Male	Novice	snapshop_board_screen	11	snapshop_board_screen	Board_Screen	0	0	0	0	0	0	0	0	0	0	0	0	0	0	0	0	0	0	0	0	0	0	0	0	0	0	0	0	0	0	0	0	0	0	0	0	0	0	0	0	0	0	0	0	0	0	0	0																																																	9854	896	80	4337	11	100	140	Board_Screen	Board_Screen	0				0			17030	17030	17030	17030	1	0	17030	17030	17030	17030	17030	1	0	17030	18				
Recording064	ProVisioNET_study_109_01	Male	Novice	snapshop_board_screen	12	snapshop_board_screen	Board_Screen	0	0	0	0	0	0	0	0	0	0	0	0	0	0	0	0	0	0	0	0	0	0	0	0	0	0	0	0	0	0	0	0	0	0	0	0	0	0	0	0	0	0	0	0	0	0	0	0																																																	2439	1219	999	1439	2	0	1439	Board_Screen	Board_Screen	0				0			2479	2479	2479	2479	1	0	2479	2479	2479	2479	2479	1	0	2479	1				
Recording064	ProVisioNET_study_109_01	Male	Novice	snapshop_board_screen	13	snapshop_board_screen	Board_Screen	0	0	0	0	0	0	0	0	0	0	0	0	0	0	0	0	0	0	0	0	0	0	0	0	0	0	0	0	0	0	0	0	0	0	0	0	0	0	0	0	0	0	0	0	0	0	0	0																																																	10514	809	80	2339	13	0	620	Board_Screen	Board_Screen	0				0			17630	17630	17630	17630	1	0	17630	17630	17630	17630	17630	1	0	17630	15				
Recording064	ProVisioNET_study_109_01	Male	Novice	snapshop_board_screen	14	snapshop_board_screen	Board_Screen	0	0	0	0	0	0	0	0	0	0	0	0	0	0	0	0	0	0	0	0	0	0	0	0	0	0	0	0	0	0	0	0	0	0	0	0	0	0	0	0	0	0	0	0	0	0	0	0																																																	740	740	740	740	1	0	740	Board_Screen	Board_Screen	0				0			740	740	740	740	1	0	740	740	740	740	740	1	0	740	0				
Recording064	ProVisioNET_study_109_01	Male	Novice	snapshop_board_screen	15	snapshop_board_screen	Board_Screen	0	0	0	0	0	0	0	0	0	0	0	0	0	0	0	0	0	0	0	0	0	0	0	0	0	0	0	0	0	0	0	0	0	0	0	0	0	0	0	0	0	0	0	0	0	0	0	0																																																	220	220	220	220	1	0	220	Board_Screen	Board_Screen	0				0			220	220	220	220	1	0	220	220	220	220	220	1	0	220	0				
Recording064	ProVisioNET_study_109_01	Male	Novice	snapshop_board_screen	16	snapshop_board_screen	Board_Screen	0	0	0	0	0	0	0	0	0	0	0	0	0	0	0	0	0	0	0	0	0	0	0	0	0	0	0	0	0	0	0	0	0	0	0	0	0	0	0	0	0	0	0	0	0	0	0	0																																																	3218	536	200	1239	6	0	1239	Board_Screen	Board_Screen	0				0			7236	7236	7236	7236	1	0	7236	7236	7236	7236	7236	1	0	7236	16				
Recording064	ProVisioNET_study_109_01	Male	Novice	snapshop_board_screen	17	snapshop_board_screen	Board_Screen	0	0	0	0	0	0	0	0	0	0	0	0	0	0	0	0	0	0	0	0	0	0	0	0	0	0	0	0	0	0	0	0	0	0	0	0	0	0	0	0	0	0	0	0	0	0	0	0																																																	260	130	100	160	2	0	160	Board_Screen	Board_Screen	0				0			280	280	280	280	1	0	280	280	280	280	280	1	0	280	0				
Recording064	ProVisioNET_study_109_01	Male	Novice	snapshop_board_screen	18	snapshop_board_screen	Board_Screen	0	0	0	0	0	0	0	0	0	0	0	0	0	0	0	0	0	0	0	0	0	0	0	0	0	0	0	0	0	0	0	0	0	0	0	0	0	0	0	0	0	0	0	0	0	0	0	0																																																	1559	223	80	480	7	0	80	Board_Screen	Board_Screen	0				0			2998	2998	2998	2998	1	0	2998	2998	2998	2998	2998	1	0	2998	5				
Recording064	ProVisioNET_study_109_01	Male	Novice	snapshop_board_screen	19	snapshop_board_screen	Board_Screen	0	0	0	0	0	0	0	0	0	0	0	0	0	0	0	0	0	0	0	0	0	0	0	0	0	0	0	0	0	0	0	0	0	0	0	0	0	0	0	0	0	0	0	0	0	0	0	0																																																	760	380	200	560	2	0	560	Board_Screen	Board_Screen	0				0			780	780	780	780	1	0	780	780	780	780	780	1	0	780	1				
Recording064	ProVisioNET_study_109_01	Male	Novice	snapshop_board_screen	20	snapshop_board_screen	Board_Screen	0	0	0	0	0	0	0	0	0	0	0	0	0	0	0	0	0	0	0	0	0	0	0	0	0	0	0	0	0	0	0	0	0	0	0	0	0	0	0	0	0	0	0	0	0	0	0	0																																																	400	200	160	240	2	40	240	Board_Screen	Board_Screen	0				0			480	480	480	480	1	0	480	480	480	480	480	1	0	480	1				
Recording064	ProVisioNET_study_109_01	Male	Novice	snapshop_board_screen	21	snapshop_board_screen	Board_Screen	0	0	0	0	0	0	0	0	0	0	0	0	0	0	0	0	0	0	0	0	0	0	0	0	0	0	0	0	0	0	0	0	1	0	0	0	0	0	0	0	0	0	0	0	0	0	0	0																																	7576																3918	326	100	959	12	0	120	Board_Screen	Board_Screen	0				0			11313	11313	11313	11313	1	0	11313	11313	11313	11313	11313	1	0	11313	12				
Recording064	ProVisioNET_study_109_01	Male	Novice	snapshop_board_screen	22	snapshop_board_screen	Board_Screen	0	0	0	0	0	0	0	0	0	0	0	0	0	0	0	0	0	0	0	0	0	0	0	0	0	0	0	0	0	0	0	0	0	0	0	0	0	0	0	0	0	0	0	0	0	0	0	0																																																	640	213	180	240	3	0	220	Board_Screen	Board_Screen	0				0			2718	2718	2718	2718	1	0	2718	2718	2718	2718	2718	1	0	2718	2				
Recording064	ProVisioNET_study_109_01	Male	Novice	snapshop_board_screen	23	snapshop_board_screen	Board_Screen	0	0	0	0	0	0	0	0	0	0	0	0	0	0	0	0	0	0	0	0	0	0	0	0	0	0	0	0	0	0	0	0	0	0	0	0	0	0	0	0	0	0	0	0	0	0	0	0																																																	720	240	80	400	3	0	80	Board_Screen	Board_Screen	0				0			2059	2059	2059	2059	1	0	2059	2059	2059	2059	2059	1	0	2059	1				
Recording064	ProVisioNET_study_109_01	Male	Novice	snapshop_board_screen	24	snapshop_board_screen	Board_Screen	0	0	0	0	0	0	0	0	0	0	0	0	0	0	0	0	0	0	0	0	0	0	0	0	0	0	0	0	0	0	0	0	0	0	0	0	0	0	0	0	0	0	0	0	0	0	0	0																																																	1519	304	80	500	5	0	500	Board_Screen	Board_Screen	0				0			7795	7795	7795	7795	1	0	7795	7795	7795	7795	7795	1	0	7795	7				
Recording064	ProVisioNET_study_109_01	Male	Novice	snapshop_board_screen	25	snapshop_board_screen	Board_Screen	0	0	0	0	0	0	0	0	0	0	0	0	0	0	0	0	0	0	0	0	0	0	0	0	0	0	0	0	0	0	0	0	0	0	0	0	0	0	0	0	0	0	0	0	0	0	0	0																																																	240	240	240	240	1	0	240	Board_Screen	Board_Screen	0				0			240	240	240	240	1	0	240	240	240	240	240	1	0	240	0				
Recording064	ProVisioNET_study_109_01	Male	Novice	snapshop_board_screen	26	snapshop_board_screen	Board_Screen	0	0	0	0	0	0	0	0	0	0	0	0	0	0	0	0	0	0	0	0	0	0	0	0	0	0	0	0	0	0	0	0	0	0	0	0	0	0	0	0	0	0	0	0	0	0	0	0																																																	2618	1309	1219	1399	2	0	1219	Board_Screen	Board_Screen	0				0			6356	6356	6356	6356	1	0	6356	6356	6356	6356	6356	1	0	6356	2				
Recording064	ProVisioNET_study_109_01	Male	Novice	snapshop_board_screen	27	snapshop_board_screen	Board_Screen	0	0	0	0	0	0	0	0	0	0	0	0	0	0	0	0	0	0	0	0	0	0	0	0	0	0	0	0	0	0	0	0	0	0	0	0	0	0	0	0	0	0	0	0	0	0	0	0																																																	3478	580	200	1739	6	0	540	Board_Screen	Board_Screen	0				0			7016	7016	7016	7016	1	0	7016	7016	7016	7016	7016	1	0	7016	4				
Recording064	ProVisioNET_study_109_01	Male	Novice	snapshop_board_screen	28	snapshop_board_screen	Board_Screen	0	0	0	0	0	0	0	0	0	0	0	0	0	0	0	0	0	0	0	0	0	0	0	0	0	0	0	0	0	0	0	0	0	0	0	0	0	0	0	0	0	0	0	0	0	0	0	0																																																	2239	448	160	660	5	0	600	Board_Screen	Board_Screen	0				0			5497	5497	5497	5497	1	0	5497	5497	5497	5497	5497	1	0	5497	2				
Recording064	ProVisioNET_study_109_01	Male	Novice	snapshop_board_screen	29	snapshop_board_screen	Board_Screen	0	0	0	0	0	0	0	0	0	0	0	0	0	0	0	0	0	0	0	0	0	0	0	0	0	0	0	0	0	0	0	0	0	0	0	0	0	0	0	0	0	0	0	0	0	0	0	0																																																	9015	474	80	1619	19	0	120	Board_Screen	Board_Screen	0				0			14212	14212	14212	14212	1	0	14212	14212	14212	14212	14212	1	0	14212	9				
Recording064	ProVisioNET_study_109_01	Male	Novice	snapshop_board_screen	30	snapshop_board_screen	Board_Screen	0	0	0	0	0	0	0	0	0	0	0	0	0	0	0	0	0	0	0	0	0	0	0	0	0	0	0	0	0	0	0	0	0	0	0	0	0	0	0	0	0	0	0	0	0	0	0	0																																																	380	190	100	280	2	0	100	Board_Screen	Board_Screen	0				0			480	480	480	480	1	0	480	480	480	480	480	1	0	480	0				
Recording064	ProVisioNET_study_109_01	Male	Novice	snapshop_board_screen	31	snapshop_board_screen	Board_Screen	0	0	0	0	0	0	0	0	0	0	0	0	0	0	0	0	0	0	0	0	0	0	0	0	0	0	0	0	0	0	0	0	0	0	0	0	0	0	0	0	0	0	0	0	0	0	0	0																																																	420	420	420	420	1	0	420	Board_Screen	Board_Screen	0				0			420	420	420	420	1	0	420	420	420	420	420	1	0	420	0				
Recording064	ProVisioNET_study_109_01	Male	Novice	snapshop_board_screen	32	snapshop_board_screen	Board_Screen	0	0	0	0	0	0	0	0	0	0	0	0	0	0	0	0	0	0	0	0	0	0	0	0	0	0	0	0	0	0	0	0	0	0	0	0	0	0	0	0	0	0	0	0	0	0	0	0																																																	999	999	999	999	1	0	999	Board_Screen	Board_Screen	0				0			999	999	999	999	1	0	999	999	999	999	999	1	0	999	0				
Recording064	ProVisioNET_study_109_01	Male	Novice	snapshop_board_screen	33	snapshop_board_screen	Board_Screen	0	0	0	0	0	0	0	0	0	0	0	0	0	0	0	0	0	0	0	0	0	0	0	0	0	0	0	0	0	0	0	0	0	0	0	0	0	0	0	0	0	0	0	0	0	0	0	0																																																	20448	786	80	4197	26	0	200	Board_Screen	Board_Screen	0				0			29742	29742	29742	29742	1	0	29742	29742	29742	29742	29742	1	0	29742	22				
Recording064	ProVisioNET_study_109_01	Male	Novice	snapshop_board_screen	34	snapshop_board_screen	Board_Screen	0	0	0	0	0	0	0	0	0	0	0	0	0	0	0	0	0	0	0	0	0	0	0	0	0	0	0	0	0	0	0	0	0	0	0	0	0	0	0	0	0	0	0	0	0	0	0	0																																																	15911	723	80	2898	22	0	100	Board_Screen		0				0			27104	27104	27104	27104	1	0	27104	27104	27104	27104	27104	1	0	27104	21				
Recording064	ProVisioNET_study_109_01	Male	Novice	snapshopt_material_students	1	snapshopt_material_students	Material_Students	0	0	0	0	0	0	0	0	0	0	0	0	0	0	0	0	0	0	0	0	0	0	0	0	0	0	0	0	0	0	0	0	0	0	0	0	0	0	0	0	0	0	0	0	0	0	0	0																																																	500	167	80	320	3	0	320	Material_Students	Material_Students	0				0			660	660	660	660	1	0	660	660	660	660	660	1	0	660	1				
Recording064	ProVisioNET_study_109_01	Male	Novice	snapshopt_material_students	2	snapshopt_material_students	Material_Students	0	0	0	0	0	0	0	0	0	0	0	0	0	0	0	0	0	0	0	0	0	0	0	0	0	0	0	0	0	0	0	0	0	0	0	0	0	0	0	0	0	0	0	0	0	0	0	0																																																	320	320	320	320	1	0	320	Material_Students	Material_Students	0				0			320	320	320	320	1	0	320	320	320	320	320	1	0	320	0				
Recording064	ProVisioNET_study_109_01	Male	Novice	snapshopt_material_students	3	snapshopt_material_students	Material_Students	0	0	0	0	0	0	0	0	0	0	0	0	0	0	0	0	0	0	0	0	0	0	0	0	0	0	0	0	0	0	0	0	0	0	0	0	0	0	0	0	0	0	0	0	0	0	0	0																																																	160	160	160	160	1	0	160	Material_Students	Material_Students	0				0			160	160	160	160	1	0	160	160	160	160	160	1	0	160	0				
Recording064	ProVisioNET_study_109_01	Male	Novice	snapshopt_material_students	4	snapshopt_material_students	Material_Students	0	0	0	0	0	0	0	0	0	0	0	0	0	0	0	0	0	0	0	0	0	0	0	0	0	0	0	0	0	0	0	0	0	0	0	0	0	0	0	0	0	0	0	0	0	0	0	0																																																	2578	430	200	999	6	0	999	Material_Students	Material_Students	0				0			6156	6156	6156	6156	1	0	6156	6156	6156	6156	6156	1	0	6156	14				
Recording064	ProVisioNET_study_109_01	Male	Novice	snapshopt_material_students	5	snapshopt_material_students	Material_Students	0	0	0	0	0	0	0	0	0	0	0	0	0	0	0	0	0	0	0	0	0	0	0	0	0	0	0	0	0	0	0	0	0	0	0	0	0	0	0	0	0	0	0	0	0	0	0	0																																																	160	160	160	160	1	0	160	Material_Students		0				0			180	180	180	180	1	0	180	180	180	180	180	1	0	180	0				
Recording064	ProVisioNET_study_109_01	Male	Novice	snapshopt_material_students	6	snapshopt_material_students	Material_Students	0	0	0	0	0	0	0	0	0	0	0	0	0	0	0	0	0	0	0	0	0	0	0	0	0	0	0	0	0	0	0	0	0	0	0	0	0	0	0	0	0	0	0	0	0	0	0	0																																																	1039	208	120	300	5	0	300	Material_Students	Material_Students	0				0			2459	2459	2459	2459	1	0	2459	2459	2459	2459	2459	1	0	2459	4				
Recording064	ProVisioNET_study_109_01	Male	Novice	snapshopt_material_students	7	snapshopt_material_students	Material_Students	0	0	0	0	0	0	0	0	0	0	0	0	0	0	0	0	0	0	0	0	0	0	0	0	0	0	0	0	0	0	0	0	0	0	0	0	0	0	0	0	0	0	0	0	0	0	0	0																																																	140	140	140	140	1	0	140	Material_Students	Material_Students	0				0			140	140	140	140	1	0	140	140	140	140	140	1	0	140	0				
Recording064	ProVisioNET_study_109_01	Male	Novice	snapshopt_material_students	8	snapshopt_material_students	Material_Students	0	0	0	0	0	0	0	0	0	0	0	0	0	0	0	0	0	0	0	0	1	1	0	0	0	0	0	0	0	0	0	0	0	0	0	0	0	1	0	0	0	0	0	0	0	0	0	0																					15195	10538																13722											5956	851	180	3418	7	0	540	Material_Students	Material_Students	0				0			16130	16130	16130	16130	1	0	16130	16130	16130	16130	16130	1	0	16130	18				
Recording064	ProVisioNET_study_109_01	Male	Novice	snapshopt_material_students	9	snapshopt_material_students	Material_Students	0	0	0	0	0	0	0	0	0	0	0	0	0	0	0	0	0	0	0	0	0	0	0	0	0	0	0	0	0	0	0	0	0	0	0	0	0	0	0	0	0	0	0	0	0	0	0	0																																																	320	320	320	320	1	0	320	Material_Students	Material_Students	0				0			320	320	320	320	1	0	320	320	320	320	320	1	0	320	0				
Recording064	ProVisioNET_study_109_01	Male	Novice	snapshopt_material_students	10	snapshopt_material_students	Material_Students	0	0	0	0	0	0	0	0	0	0	0	0	0	0	0	0	0	0	0	1	0	0	0	0	0	0	0	0	0	0	0	0	0	0	0	0	0	0	0	0	0	0	0	0	0	0	0	0																				6518																													5976	996	160	2858	6	0	1639	Material_Students	Material_Students	0				0			10474	10474	10474	10474	1	0	10474	10474	10474	10474	10474	1	0	10474	7				
Recording064	ProVisioNET_study_109_01	Male	Novice	snapshopt_material_students	11	snapshopt_material_students	Material_Students	0	0	0	0	0	0	0	0	0	0	0	0	0	0	0	0	0	0	0	0	0	0	0	0	0	0	0	0	0	0	0	0	0	0	0	0	0	0	0	0	0	0	0	0	0	0	0	0																																																	11113	794	200	2698	14	0	260	Material_Students	Material_Students	0				0			34799	34799	34799	34799	1	0	34799	34799	34799	34799	34799	1	0	34799	33				
Recording064	ProVisioNET_study_109_01	Male	Novice	snapshopt_material_students	12	snapshopt_material_students	Material_Students	0	0	0	0	0	0	0	0	0	0	0	0	1	0	0	0	0	0	0	0	0	0	0	0	0	0	0	0	0	0	0	0	0	0	0	0	0	0	0	0	0	0	0	0	0	0	0	0													4772																																				1719	246	160	340	7	0	260	Material_Students	Material_Students	0				0			9994	9994	9994	9994	1	0	9994	9994	9994	9994	9994	1	0	9994	13				
Recording064	ProVisioNET_study_109_01	Male	Novice	snapshopt_material_students	13	snapshopt_material_students	Material_Students	0	0	0	0	0	0	0	0	0	0	0	0	0	0	0	0	0	0	0	0	0	0	0	0	0	0	0	0	0	0	0	0	0	0	0	0	0	0	0	0	0	0	0	0	0	0	0	0																																																	2379	476	280	640	5	0	640	Material_Students	Material_Students	0				0			8495	8495	8495	8495	1	0	8495	8495	8495	8495	8495	1	0	8495	12				
Recording064	ProVisioNET_study_109_01	Male	Novice	snapshopt_material_students	14	snapshopt_material_students	Material_Students	0	0	0	0	0	0	0	0	0	0	1	0	0	0	0	0	0	0	0	0	0	0	0	0	0	0	0	0	0	0	0	0	0	0	0	0	0	0	0	0	0	0	0	0	0	0	0	0											4910																																						1039	520	360	680	2	0	360	Material_Students	Material_Students	0				0			5137	5137	5137	5137	1	0	5137	5137	5137	5137	5137	1	0	5137	5				
Recording064	ProVisioNET_study_109_01	Male	Novice	snapshopt_material_students	15	snapshopt_material_students	Material_Students	0	0	0	0	0	0	0	0	0	0	0	0	0	0	0	0	0	0	0	0	0	0	0	0	0	0	0	0	0	0	0	0	0	0	0	0	0	0	0	0	0	0	0	0	0	0	0	0																																																	1099	1099	1099	1099	1	0	1099	Material_Students	Material_Students	0				0			1099	1099	1099	1099	1	0	1099	1099	1099	1099	1099	1	0	1099	0				
Recording064	ProVisioNET_study_109_01	Male	Novice	snapshopt_material_students	16	snapshopt_material_students	Material_Students	0	0	0	0	0	0	0	0	0	0	0	0	0	0	0	0	0	0	0	0	0	0	0	0	0	0	0	0	0	0	0	0	0	0	0	0	0	0	0	0	0	0	0	0	0	0	0	0																																																	1019	340	140	540	3	0	140	Material_Students	Material_Students	0				0			2998	2998	2998	2998	1	0	2998	2998	2998	2998	2998	1	0	2998	5				
Recording064	ProVisioNET_study_109_01	Male	Novice	snapshopt_material_students	17	snapshopt_material_students	Material_Students	0	0	0	0	0	0	0	0	0	0	0	0	0	0	0	0	0	1	1	0	0	0	0	0	0	0	0	0	0	0	0	0	0	0	0	0	1	0	0	0	0	0	0	0	0	0	0	0																		16808	13100																		15109												3498	437	80	1099	8	0	180	Material_Students	Material_Students	0				0			17110	17110	17110	17110	1	0	17110	17110	17110	17110	17110	1	0	17110	13				
Recording064	ProVisioNET_study_109_01	Male	Novice	snapshopt_material_students	18	snapshopt_material_students	Material_Students	0	0	0	0	0	0	0	0	0	0	0	0	0	0	0	0	0	0	0	0	0	0	0	0	0	0	0	0	0	0	0	0	0	0	0	0	0	0	0	0	0	0	0	0	0	0	0	0																																																	919	460	200	720	2	0	200	Material_Students	Material_Students	0				0			2479	2479	2479	2479	1	0	2479	2479	2479	2479	2479	1	0	2479	3				
Recording064	ProVisioNET_study_109_01	Male	Novice	snapshopt_material_students	19	snapshopt_material_students	Material_Students	0	0	0	0	0	0	0	0	0	0	0	0	0	0	0	0	0	0	0	0	0	0	0	0	0	0	0	0	0	0	0	0	0	0	0	0	0	0	0	0	0	0	0	0	0	0	0	0																																																	3398	1133	420	2399	3	0	2399	Material_Students	Material_Students	0				0			5876	5876	5876	5876	1	0	5876	5876	5876	5876	5876	1	0	5876	3				
Recording064	ProVisioNET_study_109_01	Male	Novice	snapshopt_material_students	20	snapshopt_material_students	Material_Students	0	0	0	0	0	0	0	0	0	0	0	0	0	0	0	0	0	0	0	0	0	0	0	0	0	0	0	0	0	0	0	0	0	0	0	0	0	0	0	0	0	0	0	0	0	0	0	0																																																	7416	2472	140	6916	3	0	140	Material_Students	Material_Students	0				0			10454	10454	10454	10454	1	0	10454	10454	10454	10454	10454	1	0	10454	3				
Recording064	ProVisioNET_study_109_01	Male	Novice	snapshopt_material_students	21	snapshopt_material_students	Material_Students	0	0	0	0	0	0	0	0	1	0	0	0	0	0	0	0	0	0	0	0	0	0	0	0	0	0	0	0	0	0	0	0	0	1	0	0	0	0	0	0	0	0	0	0	0	0	0	0									1839																									1041															2159	270	100	460	8	0	340	Material_Students	Material_Students	0				0			17090	17090	17090	17090	1	0	17090	17090	17090	17090	17090	1	0	17090	15				
Recording064	ProVisioNET_study_109_01	Male	Novice	snapshopt_material_students	22	snapshopt_material_students	Material_Students	0	0	0	0	0	0	0	0	0	0	0	0	0	0	0	0	0	0	0	0	0	0	0	0	0	0	0	0	0	0	0	0	0	0	0	0	0	0	0	0	0	0	0	0	0	0	0	0																																																	340	170	160	180	2	0	180	Material_Students	Material_Students	0				0			4357	4357	4357	4357	1	0	4357	4357	4357	4357	4357	1	0	4357	5				
Recording064	ProVisioNET_study_109_01	Male	Novice	snapshopt_material_students	23	snapshopt_material_students	Material_Students	0	0	0	0	0	0	0	0	0	0	0	0	0	0	0	0	0	0	0	0	0	0	0	0	0	0	0	0	0	0	0	0	0	0	0	0	0	0	0	0	0	0	0	0	0	0	0	0																																																	380	380	380	380	1	0	380	Material_Students	Material_Students	0				0			380	380	380	380	1	0	380	380	380	380	380	1	0	380	0				
Recording064	ProVisioNET_study_109_01	Male	Novice	snapshot_classroom_others	1	snapshot_classroom_others	Classroom_Others	0	0	0	0	0	0	0	0	0	0	0	0	0	0	0	0	0	0	0	0	0	0	0	0	0	0	0	0	0	0	0	0	0	0	0	0	0	0	0	0	0	0	0	0	0	0	0	0																																																	2059	257	140	440	8	0	220	Classroom_Others	Classroom_Others	0				0			6436	6436	6436	6436	1	0	6436	6436	6436	6436	6436	1	0	6436	13				
Recording064	ProVisioNET_study_109_01	Male	Novice	snapshot_classroom_others	2	snapshot_classroom_others	Classroom_Others	0	0	0	0	0	0	0	0	0	0	0	0	0	0	0	0	0	0	0	0	0	0	0	0	0	0	0	0	0	0	0	0	0	0	0	0	0	0	0	0	0	0	0	0	0	0	0	0																																																	1779	297	80	480	6	0	480	Classroom_Others	Classroom_Others	0				0			5417	5417	5417	5417	1	0	5417	5417	5417	5417	5417	1	0	5417	8				
Recording064	ProVisioNET_study_109_01	Male	Novice	snapshot_classroom_others	3	snapshot_classroom_others	Classroom_Others	0	0	0	0	0	0	0	0	0	0	0	0	0	0	0	0	0	0	0	0	0	0	0	0	0	0	0	0	0	0	0	0	0	0	0	0	0	0	0	0	0	0	0	0	0	0	0	0																																																	4517	266	60	959	17	0	120	Classroom_Others	Classroom_Others	0				0			14372	14372	14372	14372	1	0	14372	14372	14372	14372	14372	1	0	14372	13				
Recording064	ProVisioNET_study_109_01	Male	Novice	snapshot_classroom_others	4	snapshot_classroom_others	Classroom_Others	0	0	0	0	0	0	0	0	0	0	0	0	0	0	0	0	0	0	0	0	0	0	0	0	0	0	0	0	0	0	0	0	0	0	0	0	0	0	0	0	0	0	0	0	0	0	0	0																																																	1659	415	80	1079	4	0	200	Classroom_Others	Classroom_Others	0				0			5637	5637	5637	5637	1	0	5637	5637	5637	5637	5637	1	0	5637	5				
Recording064	ProVisioNET_study_109_01	Male	Novice	snapshot_classroom_others	5	snapshot_classroom_others	Classroom_Others	0	0	0	0	0	0	0	0	0	0	0	0	0	0	0	0	0	0	0	0	0	0	0	0	0	0	0	0	0	0	0	0	0	0	0	0	0	0	0	0	0	0	0	0	0	0	0	0																																																	560	280	80	480	2	0	480	Classroom_Others	Classroom_Others	0				0			3618	3618	3618	3618	1	0	3618	3618	3618	3618	3618	1	0	3618	1				
Recording064	ProVisioNET_study_109_01	Male	Novice	snapshot_classroom_others	6	snapshot_classroom_others	Classroom_Others	0	0	0	0	0	0	0	0	0	0	0	0	0	0	0	0	0	0	0	0	0	0	0	0	0	0	0	0	0	0	0	0	0	0	0	0	0	0	0	0	0	0	0	0	0	0	0	0																																																	2618	1309	120	2499	2	0	2499	Classroom_Others	Classroom_Others	0				0			5057	5057	5057	5057	1	0	5057	5057	5057	5057	5057	1	0	5057	1				
Recording064	ProVisioNET_study_109_01	Male	Novice	snapshot_classroom_others	7	snapshot_classroom_others	Classroom_Others	0	0	0	0	0	0	0	0	0	0	0	0	0	0	0	0	0	0	0	0	0	0	0	0	0	0	0	0	0	0	0	0	0	0	0	0	0	0	0	0	0	0	0	0	0	0	0	0																																																	360	120	80	140	3	0	140	Classroom_Others	Classroom_Others	0				0			2499	2499	2499	2499	1	0	2499	2499	2499	2499	2499	1	0	2499	4				
Recording064	ProVisioNET_study_109_01	Male	Novice	snapshot_classroom_others	8	snapshot_classroom_others	Classroom_Others	0	0	0	0	0	0	0	0	0	0	0	0	0	0	0	0	0	0	0	0	0	0	0	0	0	0	0	0	0	0	0	0	0	0	0	0	0	0	0	0	0	0	0	0	0	0	0	0																																																	820	205	80	360	4	0	360	Classroom_Others	Classroom_Others	0				0			3958	3958	3958	3958	1	0	3958	3958	3958	3958	3958	1	0	3958	4				
Recording064	ProVisioNET_study_109_01	Male	Novice	snapshot_classroom_others	9	snapshot_classroom_others	Classroom_Others	0	0	0	0	0	0	0	0	0	0	0	0	0	0	0	0	0	0	0	0	0	0	0	0	0	0	0	0	0	0	0	0	0	0	0	0	0	0	0	0	0	0	0	0	0	0	0	0																																																	80	80	80	80	1	0	80	Classroom_Others	Classroom_Others	0				0			80	80	80	80	1	0	80	80	80	80	80	1	0	80	0				
Recording064	ProVisioNET_study_109_01	Male	Novice	snapshot_classroom_others	10	snapshot_classroom_others	Classroom_Others	0	0	0	0	0	0	0	0	0	0	0	0	0	0	0	0	0	0	0	0	0	0	0	0	0	0	0	0	0	0	0	0	0	0	0	0	0	0	0	0	0	0	0	0	0	0	0	0																																																	520	173	80	240	3	0	80	Classroom_Others	Classroom_Others	0				0			1219	1219	1219	1219	1	0	1219	1219	1219	1219	1219	1	0	1219	3				
Recording064	ProVisioNET_study_109_01	Male	Novice	snapshot_classroom_others	11	snapshot_classroom_others	Classroom_Others	0	0	0	0	0	0	0	0	0	0	0	0	0	0	0	0	0	0	0	0	0	0	0	0	0	0	0	0	0	0	0	0	0	0	0	0	0	0	0	0	0	0	0	0	0	0	0	0																																																	80	80	80	80	1	0	80	Classroom_Others	Classroom_Others	0				0			80	80	80	80	1	0	80	80	80	80	80	1	0	80	0				
Recording064	ProVisioNET_study_109_01	Male	Novice	snapshot_classroom_others	12	snapshot_classroom_others	Classroom_Others	0	0	0	0	0	0	0	0	0	0	0	0	0	0	0	0	0	0	0	0	0	0	0	0	0	0	0	0	0	0	0	0	0	0	0	0	0	0	0	0	0	1	0	0	0	0	0	0																																										296							240	120	80	160	2	0	80	Classroom_Others	Classroom_Others	0				0			760	760	760	760	1	0	760	760	760	760	760	1	0	760	2				
Recording064	ProVisioNET_study_109_01	Male	Novice	snapshot_classroom_others	13	snapshot_classroom_others	Classroom_Others	0	0	0	0	0	0	0	0	0	0	0	0	0	0	0	0	0	0	0	0	0	0	0	0	0	0	0	0	0	0	0	0	0	0	0	0	0	0	0	0	0	0	0	0	0	0	0	0																																																	320	320	320	320	1	0	320	Classroom_Others	Classroom_Others	0				0			320	320	320	320	1	0	320	320	320	320	320	1	0	320	0				
Recording064	ProVisioNET_study_109_01	Male	Novice	snapshot_classroom_others	14	snapshot_classroom_others	Classroom_Others	0	0	0	0	0	0	0	0	0	0	0	0	0	0	0	0	0	0	0	0	0	0	0	0	0	0	0	0	0	0	0	0	0	0	0	0	0	0	0	0	0	0	0	0	0	0	0	0																																																	80	80	80	80	1	0	80	Classroom_Others	Classroom_Others	0				0			80	80	80	80	1	0	80	80	80	80	80	1	0	80	0				
Recording064	ProVisioNET_study_109_01	Male	Novice	snapshot_classroom_others	15	snapshot_classroom_others	Classroom_Others	0	0	0	0	0	0	0	0	0	0	0	0	0	0	0	0	0	0	0	0	0	0	0	0	0	0	0	0	0	0	0	0	0	0	0	0	0	0	0	0	0	0	0	0	0	0	0	0																																																	340	340	340	340	1	0	340	Classroom_Others	Classroom_Others	0				0			340	340	340	340	1	0	340	340	340	340	340	1	0	340	0				
Recording064	ProVisioNET_study_109_01	Male	Novice	snapshot_classroom_others	16	snapshot_classroom_others	Classroom_Others	0	0	0	0	0	0	0	0	0	0	0	0	0	0	0	0	0	0	0	0	0	0	0	0	0	0	0	0	0	0	0	0	0	0	0	0	0	0	0	0	0	0	0	0	0	0	0	0																																																	1379	1379	1379	1379	1	0	1379	Classroom_Others	Classroom_Others	0				0			1379	1379	1379	1379	1	0	1379	1379	1379	1379	1379	1	0	1379	0				
Recording064	ProVisioNET_study_109_01	Male	Novice	snapshot_classroom_others	17	snapshot_classroom_others	Classroom_Others	0	0	0	0	0	0	0	0	0	0	0	0	0	0	0	0	0	0	0	0	0	0	0	0	0	0	0	0	0	0	0	0	0	0	0	0	0	0	0	0	0	0	0	0	0	0	0	0																																																	160	160	160	160	1	0	160	Classroom_Others	Classroom_Others	0				0			160	160	160	160	1	0	160	160	160	160	160	1	0	160	0				
Recording064	ProVisioNET_study_109_01	Male	Novice	snapshot_classroom_others	18	snapshot_classroom_others	Classroom_Others	0	0	0	0	0	0	0	0	0	0	0	0	0	0	0	0	0	0	0	0	0	0	0	0	0	0	0	0	0	0	0	0	0	0	0	0	0	0	0	0	0	0	0	0	0	0	0	0																																																	2319	211	100	620	11	0	120	Classroom_Others	Classroom_Others	0				0			12613	12613	12613	12613	1	0	12613	12613	12613	12613	12613	1	0	12613	22				
Recording064	ProVisioNET_study_109_01	Male	Novice	snapshot_classroom_others	19	snapshot_classroom_others	Classroom_Others	0	0	0	0	0	0	0	0	0	0	0	0	0	0	0	0	0	0	0	0	0	0	0	0	0	0	0	0	0	0	0	0	0	0	0	0	0	0	0	0	0	0	0	0	0	0	0	0																																																	2818	282	80	839	10	0	80	Classroom_Others	Classroom_Others	0				0			15051	15051	15051	15051	1	0	15051	15051	15051	15051	15051	1	0	15051	17				
Recording064	ProVisioNET_study_109_01	Male	Novice	snapshot_classroom_others	20	snapshot_classroom_others	Classroom_Others	0	0	0	0	0	0	0	0	0	0	0	0	0	0	0	0	0	0	0	0	0	0	0	0	0	0	0	0	0	0	0	0	0	0	0	0	0	0	0	0	0	0	0	0	0	0	0	0																																																	2698	300	100	1379	9	0	140	Classroom_Others	Classroom_Others	0				0			10654	10654	10654	10654	1	0	10654	10654	10654	10654	10654	1	0	10654	17				
Recording064	ProVisioNET_study_109_01	Male	Novice	snapshot_classroom_others	21	snapshot_classroom_others	Classroom_Others	0	0	0	0	0	0	0	0	0	0	0	0	0	0	1	1	0	0	0	0	0	0	0	0	0	0	0	0	0	0	0	0	0	0	0	1	0	0	0	0	0	0	0	0	0	0	0	0															9818	18																				7652													4997	625	100	3718	8	0	120	Classroom_Others	Classroom_Others	0				0			11353	11353	11353	11353	1	0	11353	11353	11353	11353	11353	1	0	11353	8				
Recording064	ProVisioNET_study_109_01	Male	Novice	snapshot_classroom_others	22	snapshot_classroom_others	Classroom_Others	0	0	0	0	0	0	0	0	0	0	0	0	0	1	0	0	0	0	0	0	0	0	0	0	0	0	0	0	0	0	0	0	0	0	0	0	0	0	0	0	0	0	0	0	0	0	0	0														11250																																			7016	219	80	660	32	0	520	Classroom_Others	Classroom_Others	0				0			46493	46493	46493	46493	1	0	46493	46493	46493	46493	46493	1	0	46493	55				
Recording064	ProVisioNET_study_109_01	Male	Novice	snapshot_classroom_others	23	snapshot_classroom_others	Classroom_Others	0	0	0	0	0	0	0	0	0	0	0	0	0	0	0	0	0	0	0	0	0	0	0	0	0	0	0	0	0	0	0	0	0	0	0	0	0	0	0	0	0	0	0	0	0	0	0	0																																																	140	140	140	140	1	0	140	Classroom_Others	Classroom_Others	0				0			140	140	140	140	1	0	140	140	140	140	140	1	0	140	0				
Recording064	ProVisioNET_study_109_01	Male	Novice	snapshot_classroom_others	24	snapshot_classroom_others	Classroom_Others	0	0	0	0	0	0	0	0	0	0	0	0	0	0	0	0	0	0	0	0	0	0	0	0	0	0	0	0	0	0	0	0	0	0	0	0	0	0	0	0	0	0	0	0	0	0	0	0																																																	800	267	120	380	3	0	380	Classroom_Others	Classroom_Others	0				0			2718	2718	2718	2718	1	0	2718	2718	2718	2718	2718	1	0	2718	5				
Recording064	ProVisioNET_study_109_01	Male	Novice	snapshot_classroom_others	25	snapshot_classroom_others	Classroom_Others	0	0	0	0	0	0	0	0	0	0	0	0	0	0	0	0	0	0	0	0	0	0	0	0	0	0	0	0	0	0	0	0	0	0	0	0	0	0	0	0	0	0	0	0	0	0	0	0																																																	400	400	400	400	1	0	400	Classroom_Others	Classroom_Others	0				0			400	400	400	400	1	0	400	400	400	400	400	1	0	400	0				
Recording064	ProVisioNET_study_109_01	Male	Novice	snapshot_classroom_others	26	snapshot_classroom_others	Classroom_Others	0	0	0	0	0	0	0	0	0	0	0	0	0	0	0	0	0	0	0	0	0	0	0	0	0	0	0	0	0	0	0	0	0	0	0	0	0	0	0	0	0	0	1	0	0	0	0	0																																											1429						520	260	180	340	2	0	180	Classroom_Others	Classroom_Others	0				0			2139	2139	2139	2139	1	0	2139	2139	2139	2139	2139	1	0	2139	1				
Recording064	ProVisioNET_study_109_01	Male	Novice	snapshot_classroom_others	27	snapshot_classroom_others	Classroom_Others	0	0	0	0	0	0	0	0	0	0	0	0	0	0	0	0	0	0	0	0	0	0	0	0	0	0	0	0	0	0	0	0	0	0	0	0	0	0	0	0	0	0	0	0	0	0	0	0																																																	1259	252	120	480	5	0	120	Classroom_Others		0				0			3518	3518	3518	3518	1	0	3518	3518	3518	3518	3518	1	0	3518	6				
Recording064	ProVisioNET_study_109_01	Male	Novice	snapshot_classroom_others	28	snapshot_classroom_others	Classroom_Others	0	0	0	0	0	0	0	0	0	0	0	0	0	0	0	0	0	0	0	0	0	0	0	0	0	0	0	0	0	0	0	0	0	0	0	0	0	0	0	0	0	0	0	0	0	0	0	0																																																	2738	249	80	600	11	0	300	Classroom_Others	Classroom_Others	0				0			7376	7376	7376	7376	1	0	7376	7376	7376	7376	7376	1	0	7376	14				
Recording064	ProVisioNET_study_109_01	Male	Novice	snapshot_classroom_others	29	snapshot_classroom_others	Classroom_Others	0	0	0	0	0	0	0	0	0	0	0	0	0	0	0	0	0	0	0	0	0	0	0	0	0	0	0	0	0	0	0	0	0	0	0	0	0	0	0	0	0	0	0	0	0	0	0	0																																																	959	160	80	420	6	0	100	Classroom_Others	Classroom_Others	0				0			1979	1979	1979	1979	1	0	1979	1979	1979	1979	1979	1	0	1979	4				
Recording064	ProVisioNET_study_109_01	Male	Novice	snapshot_classroom_others	30	snapshot_classroom_others	Classroom_Others	0	0	0	0	0	0	0	0	0	0	0	0	0	0	0	0	0	0	0	0	0	0	0	0	0	0	0	0	0	0	0	0	0	0	0	0	0	0	0	0	0	0	0	0	0	0	0	0																																																	1619	202	80	440	8	0	220	Classroom_Others	Classroom_Others	0				0			15071	15071	15071	15071	1	0	15071	15071	15071	15071	15071	1	0	15071	14				
Recording064	ProVisioNET_study_109_01	Male	Novice	snapshot_classroom_others	31	snapshot_classroom_others	Classroom_Others	0	0	0	0	0	0	0	0	0	0	0	0	0	0	0	0	0	0	0	0	0	0	0	0	0	0	0	0	0	0	0	1	0	0	0	0	0	0	0	1	0	0	0	0	0	0	0	0																																3164								850									3538	1179	300	2838	3	0	300	Classroom_Others	Classroom_Others	0				0			3998	3998	3998	3998	1	0	3998	3998	3998	3998	3998	1	0	3998	1				
Recording064	ProVisioNET_study_109_01	Male	Novice	snapshot_classroom_others	32	snapshot_classroom_others	Classroom_Others	0	0	0	0	0	0	0	0	0	0	0	0	0	0	0	0	0	0	0	0	0	0	0	0	0	0	0	0	0	0	0	0	0	0	0	0	0	0	0	0	0	0	0	0	0	0	0	0																																																	380	127	100	180	3	0	100	Classroom_Others	Classroom_Others	0				0			700	700	700	700	1	0	700	700	700	700	700	1	0	700	1				
Recording064	ProVisioNET_study_109_01	Male	Novice	snapshot_classroom_others	33	snapshot_classroom_others	Classroom_Others	0	0	0	0	0	0	0	0	0	0	0	0	0	0	0	0	0	0	0	0	0	0	0	0	0	0	0	0	0	0	0	0	0	0	0	0	0	0	0	0	0	0	0	0	0	0	0	0																																																	1179	168	100	240	7	0	140	Classroom_Others	Classroom_Others	0				0			5077	5077	5077	5077	1	0	5077	5077	5077	5077	5077	1	0	5077	14				
Recording064	ProVisioNET_study_109_01	Male	Novice	snapshot_classroom_others	34	snapshot_classroom_others	Classroom_Others	0	0	0	0	0	0	0	0	0	0	0	0	0	0	0	0	0	0	0	0	0	0	0	0	0	0	0	0	0	0	0	0	0	0	0	0	0	0	0	0	0	0	0	0	0	0	0	0																																																	19049	577	80	1999	33	0	80	Classroom_Others	Classroom_Others	0				0			39177	39177	39177	39177	1	0	39177	39177	39177	39177	39177	1	0	39177	51				
Recording064	ProVisioNET_study_109_01	Male	Novice	snapshot_classroom_others	35	snapshot_classroom_others	Classroom_Others	0	0	0	0	0	0	0	0	0	0	0	0	0	0	0	0	0	0	0	0	1	0	0	0	0	0	0	0	0	0	0	0	0	0	0	0	0	1	0	0	0	0	0	0	0	0	0	0																					3182																	1710											4457	405	100	1039	11	0	140	Classroom_Others	Classroom_Others	0				0			14751	14751	14751	14751	1	0	14751	14751	14751	14751	14751	1	0	14751	18				
Recording064	ProVisioNET_study_109_01	Male	Novice	snapshot_classroom_others	36	snapshot_classroom_others	Classroom_Others	0	0	0	0	0	0	0	0	0	0	0	0	0	0	0	0	0	0	0	0	0	0	0	0	0	0	0	0	0	0	0	0	0	0	0	0	0	0	0	0	0	0	0	0	0	0	0	0																																																	680	680	680	680	1	0	680	Classroom_Others	Classroom_Others	0				0			680	680	680	680	1	0	680	680	680	680	680	1	0	680	0				
Recording064	ProVisioNET_study_109_01	Male	Novice	snapshot_classroom_others	37	snapshot_classroom_others	Classroom_Others	0	0	0	0	0	0	0	0	0	0	0	0	0	0	0	0	0	0	0	0	0	0	0	0	0	0	0	0	0	0	0	0	0	0	0	0	0	0	0	0	0	0	0	0	0	0	0	0																																																	3638	606	120	1379	6	0	220	Classroom_Others	Classroom_Others	0				0			9314	9314	9314	9314	1	0	9314	9314	9314	9314	9314	1	0	9314	9				
Recording064	ProVisioNET_study_109_01	Male	Novice	snapshot_classroom_others	38	snapshot_classroom_others	Classroom_Others	0	0	0	0	0	0	0	0	0	0	0	0	0	0	0	0	0	0	0	0	0	0	0	0	0	0	0	0	0	0	0	0	0	0	0	0	0	0	0	0	0	0	0	0	0	0	0	0																																																	3898	650	160	1619	6	0	300	Classroom_Others	Classroom_Others	0				0			6536	6536	6536	6536	1	0	6536	6536	6536	6536	6536	1	0	6536	5				
Recording064	ProVisioNET_study_109_01	Male	Novice	snapshot_classroom_others	39	snapshot_classroom_others	Classroom_Others	0	0	0	0	0	0	0	0	0	0	0	0	0	0	0	0	0	0	0	0	0	0	0	0	0	0	0	0	0	0	0	0	0	0	0	0	0	0	0	0	0	0	0	0	0	0	0	0																																																	8555	713	140	2339	12	0	400	Classroom_Others	Classroom_Others	0				0			25465	25465	25465	25465	1	0	25465	25465	25465	25465	25465	1	0	25465	28				
Recording064	ProVisioNET_study_109_01	Male	Novice	snapshot_classroom_others	40	snapshot_classroom_others	Classroom_Others	0	0	0	0	0	0	0	0	0	0	0	1	0	0	0	0	0	0	0	0	0	0	0	0	0	0	0	0	0	0	0	0	0	0	1	0	0	0	0	0	0	0	0	0	0	0	0	0												2371																							588														500	125	80	220	4	0	80	Classroom_Others	Classroom_Others	0				0			2419	2419	2419	2419	1	0	2419	2419	2419	2419	2419	1	0	2419	3				
Recording064	ProVisioNET_study_109_01	Male	Novice	snapshot_classroom_others	41	snapshot_classroom_others	Classroom_Others	0	0	0	0	0	0	0	0	0	0	0	0	0	0	0	0	0	0	0	0	0	0	0	0	0	0	0	0	0	0	0	0	0	0	0	0	0	0	0	0	0	0	0	0	0	0	0	0																																																	3298	550	120	1939	6	0	340	Classroom_Others	Classroom_Others	0				0			9794	9794	9794	9794	1	0	9794	9794	9794	9794	9794	1	0	9794	17				
Recording064	ProVisioNET_study_109_01	Male	Novice	snapshot_classroom_others	42	snapshot_classroom_others	Classroom_Others	0	0	0	0	0	0	0	0	0	0	0	0	0	0	0	0	0	0	0	0	0	0	0	0	0	0	0	0	0	0	0	0	0	0	0	0	0	0	0	0	0	0	0	0	0	0	0	0																																																	4297	430	140	1159	10	0	200	Classroom_Others	Classroom_Others	0				0			11253	11253	11253	11253	1	0	11253	11253	11253	11253	11253	1	0	11253	13				
Recording064	ProVisioNET_study_109_01	Male	Novice	snapshot_classroom_others	43	snapshot_classroom_others	Classroom_Others	0	0	0	0	0	0	0	0	0	0	0	0	0	0	0	0	0	0	0	0	0	0	0	0	0	0	0	0	0	0	0	0	0	0	0	0	0	0	0	0	0	0	0	0	0	0	0	0																																																	7655	638	120	2898	12	0	640	Classroom_Others	Classroom_Others	0				0			20788	20788	20788	20788	1	0	20788	20788	20788	20788	20788	1	0	20788	32				
Recording064	ProVisioNET_study_109_01	Male	Novice	snapshot_classroom_others	44	snapshot_classroom_others	Classroom_Others	0	0	0	0	0	0	0	0	0	0	0	0	0	0	0	0	0	0	0	0	0	0	0	0	0	0	0	0	0	0	0	0	0	0	0	0	0	0	0	0	0	0	0	0	0	0	0	0																																																	2758	552	80	1879	5	0	80	Classroom_Others	Classroom_Others	0				0			7276	7276	7276	7276	1	0	7276	7276	7276	7276	7276	1	0	7276	7				
Recording064	ProVisioNET_study_109_01	Male	Novice	snapshot_classroom_others	45	snapshot_classroom_others	Classroom_Others	0	0	0	0	0	0	0	0	0	0	0	0	0	0	0	0	0	1	0	0	0	0	0	0	0	0	0	0	0	0	0	0	0	0	0	0	1	0	0	0	0	0	0	0	0	0	0	0																		2597																			897												2599	433	80	959	6	0	300	Classroom_Others	Classroom_Others	0				0			10774	10774	10774	10774	1	0	10774	10774	10774	10774	10774	1	0	10774	4				
Recording064	ProVisioNET_study_109_01	Male	Novice	snapshot_classroom_others	46	snapshot_classroom_others	Classroom_Others	0	0	0	0	0	0	0	0	0	0	0	0	0	0	0	0	0	0	0	0	0	0	0	0	0	0	0	0	0	0	0	0	0	0	0	0	0	0	0	0	0	0	0	0	0	0	0	0																																																	2898	1449	220	2678	2	0	2678	Classroom_Others	Classroom_Others	0				0			2958	2958	2958	2958	1	0	2958	2958	2958	2958	2958	1	0	2958	0				
Recording064	ProVisioNET_study_109_01	Male	Novice	snapshot_classroom_others	47	snapshot_classroom_others	Classroom_Others	0	0	0	0	0	0	0	0	0	0	0	0	0	0	0	0	1	0	0	0	0	0	0	0	0	0	0	0	0	0	0	0	0	0	0	0	0	0	0	0	0	0	0	0	0	0	0	0																	2156																																4697	361	80	1059	13	0	380	Classroom_Others	Classroom_Others	0				0			17170	17170	17170	17170	1	0	17170	17170	17170	17170	17170	1	0	17170	20				
Recording064	ProVisioNET_study_109_01	Male	Novice	snapshot_classroom_others	48	snapshot_classroom_others	Classroom_Others	0	0	0	0	0	0	0	0	0	0	0	0	0	0	0	0	0	0	0	0	0	0	0	0	0	0	0	0	0	0	0	0	0	0	0	0	0	0	0	0	0	0	0	0	0	0	0	0																																																	680	680	680	680	1	0	680	Classroom_Others	Classroom_Others	0				0			680	680	680	680	1	0	680	680	680	680	680	1	0	680	0				
Recording064	ProVisioNET_study_109_01	Male	Novice	snapshot_classroom_others	49	snapshot_classroom_others	Classroom_Others	0	0	0	0	0	0	0	0	0	0	0	0	0	0	0	0	0	0	0	0	0	0	0	0	0	0	0	0	0	0	0	0	0	0	0	0	0	0	0	0	0	0	0	0	0	0	0	0																																																	200	200	200	200	1	0	200	Classroom_Others	Classroom_Others	0				0			200	200	200	200	1	0	200	200	200	200	200	1	0	200	0				
Recording064	ProVisioNET_study_109_01	Male	Novice	snapshot_classroom_others	50	snapshot_classroom_others	Classroom_Others	0	0	0	0	0	0	0	0	0	0	0	0	0	0	0	0	0	0	0	0	0	0	0	0	0	0	0	0	0	0	0	0	0	0	0	0	0	0	0	0	0	0	0	0	0	0	0	0																																																	1459	208	100	360	7	0	100	Classroom_Others	Classroom_Others	0				0			5557	5557	5557	5557	1	0	5557	5557	5557	5557	5557	1	0	5557	8				
Recording064	ProVisioNET_study_109_01	Male	Novice	snapshot_classroom_others	51	snapshot_classroom_others	Classroom_Others	0	0	0	0	0	0	0	0	0	0	0	0	0	0	0	0	0	0	0	0	0	0	0	0	0	0	0	0	0	0	0	0	0	0	0	0	0	0	0	0	0	0	0	0	0	0	0	0																																																	4957	354	80	839	14	0	80	Classroom_Others	Classroom_Others	0				0			19229	19229	19229	19229	1	0	19229	19229	19229	19229	19229	1	0	19229	23				
Recording064	ProVisioNET_study_109_01	Male	Novice	snapshot_classroom_others	52	snapshot_classroom_others	Classroom_Others	0	0	0	0	0	0	0	0	0	0	0	0	0	0	0	0	0	0	0	0	0	0	0	0	0	0	0	0	0	0	0	0	0	0	0	0	0	0	0	0	0	0	0	0	0	0	0	0																																																	560	140	80	220	4	0	80	Classroom_Others	Classroom_Others	0				0			5177	5177	5177	5177	1	0	5177	5177	5177	5177	5177	1	0	5177	3				
Recording064	ProVisioNET_study_109_01	Male	Novice	snapshot_classroom_others	53	snapshot_classroom_others	Classroom_Others	0	0	0	0	0	0	0	0	0	0	0	0	0	0	0	0	0	0	0	0	0	0	0	0	0	0	0	0	0	0	0	0	0	0	0	0	0	0	0	0	0	0	0	0	0	0	0	0																																																	260	130	100	160	2	0	100	Classroom_Others		0				0			300	300	300	300	1	0	300	300	300	300	300	1	0	300	1				
Recording064	ProVisioNET_study_109_01	Male	Novice	snapshot_classroom_others	54	snapshot_classroom_others	Classroom_Others	0	0	0	0	0	0	0	0	0	0	0	0	0	0	0	0	0	0	0	0	0	0	0	0	0	0	0	0	0	0	0	0	0	0	0	0	0	0	0	0	0	0	0	0	0	0	0	0																																																	220	110	100	120	2	0	100	Classroom_Others	Classroom_Others	0				0			260	260	260	260	1	0	260	260	260	260	260	1	0	260	1				
Recording064	ProVisioNET_study_109_01	Male	Novice	snapshot_classroom_others	55	snapshot_classroom_others	Classroom_Others	0	0	0	0	0	0	0	0	0	0	0	0	0	0	0	0	0	0	0	0	0	0	0	0	0	0	0	0	0	0	0	0	0	0	0	0	0	0	0	0	0	0	0	0	0	0	0	0																																																	100	100	100	100	1	0	100	Classroom_Others	Classroom_Others	0				0			100	100	100	100	1	0	100	100	100	100	100	1	0	100	0				
Recording064	ProVisioNET_study_109_01	Male	Novice	snapshot_classroom_others	56	snapshot_classroom_others	Classroom_Others	0	0	0	0	0	0	0	0	0	0	0	0	0	0	0	0	0	0	0	0	0	0	0	0	0	0	0	0	0	0	0	0	0	0	0	0	0	0	0	0	0	0	0	0	0	0	0	0																																																	200	100	80	120	2	0	80	Classroom_Others	Classroom_Others	0				0			1599	1599	1599	1599	1	0	1599	1599	1599	1599	1599	1	0	1599	1				
Recording064	ProVisioNET_study_109_01	Male	Novice	snapshot_classroom_others	57	snapshot_classroom_others	Classroom_Others	0	0	0	0	0	0	0	0	0	0	0	0	0	0	0	0	0	0	0	0	0	0	0	0	0	0	0	0	0	0	0	0	0	0	0	0	0	0	0	0	0	0	0	0	0	0	0	0																																																	800	800	800	800	1	0	800	Classroom_Others	Classroom_Others	0				0			800	800	800	800	1	0	800	800	800	800	800	1	0	800	0				
Recording064	ProVisioNET_study_109_01	Male	Novice	snapshot_classroom_others	58	snapshot_classroom_others	Classroom_Others	0	0	0	0	0	0	0	0	0	0	0	0	0	0	0	0	0	0	0	0	0	0	0	0	0	0	0	0	0	0	0	0	0	0	0	0	0	0	0	0	0	0	0	0	0	0	0	0																																																	860	287	100	640	3	0	100	Classroom_Others	Classroom_Others	0				0			1579	1579	1579	1579	1	0	1579	1579	1579	1579	1579	1	0	1579	3				
Recording064	ProVisioNET_study_109_01	Male	Novice	snapshot_classroom_others	59	snapshot_classroom_others	Classroom_Others	0	0	0	0	0	0	0	0	0	0	0	0	0	0	0	0	0	0	0	0	0	0	0	0	0	0	0	0	0	0	0	0	0	0	0	0	0	0	0	0	0	0	0	0	0	0	0	0																																																	120	120	120	120	1	0	120	Classroom_Others	Classroom_Others	0				0			120	120	120	120	1	0	120	120	120	120	120	1	0	120	0				
Recording064	ProVisioNET_study_109_01	Male	Novice	snapshot_classroom_others	60	snapshot_classroom_others	Classroom_Others	0	0	0	0	0	0	0	0	0	0	0	0	0	0	0	0	0	0	0	0	0	0	0	0	0	0	0	0	0	0	0	0	0	0	0	0	0	0	0	0	0	0	0	0	0	0	0	0																																																	80	80	80	80	1	0	80	Classroom_Others	Classroom_Others	0				0			80	80	80	80	1	0	80	80	80	80	80	1	0	80	0				
Recording064	ProVisioNET_study_109_01	Male	Novice	snapshot_disruptive_person	1	snapshot_disruptive_person	Disruptive_Person	0	0	0	0	0	0	0	0	0	0	0	0	0	0	0	0	0	0	0	0	0	0	0	0	0	0	0	0	0	0	0	0	0	0	0	0	0	0	0	0	0	1	0	0	0	0	0	1																																										4014						401	1799	600	120	1279	3	0	1279	Disruptive_Person	Disruptive_Person	0				0			4277	4277	4277	4277	1	0	4277	4277	4277	4277	4277	1	0	4277	6				
Recording064	ProVisioNET_study_109_01	Male	Novice	snapshot_disruptive_person	2	snapshot_disruptive_person	Disruptive_Person	0	0	0	0	0	0	0	0	0	0	0	0	0	0	1	0	0	0	0	0	0	0	0	0	0	0	0	0	0	0	0	0	0	0	0	1	0	0	0	0	0	0	0	0	0	0	0	0															7679																					5514													7556	1259	120	3718	6	0	3718	Disruptive_Person	Disruptive_Person	0				0			8795	8795	8795	8795	1	0	8795	8795	8795	8795	8795	1	0	8795	4				
Recording064	ProVisioNET_study_109_01	Male	Novice	snapshot_disruptive_person	3	snapshot_disruptive_person	Disruptive_Person	0	0	0	0	0	0	0	0	0	0	0	0	0	0	0	0	0	0	0	0	0	0	0	0	0	0	0	0	0	0	0	0	0	0	0	0	0	0	0	0	1	0	0	1	0	0	0	0																																									994			1994					6296	3148	2199	4098	2	0	4098	Disruptive_Person	Disruptive_Person	0				0			6576	6576	6576	6576	1	0	6576	6576	6576	6576	6576	1	0	6576	0				
Recording064	ProVisioNET_study_109_01	Male	Novice	snapshot_disruptive_person	4	snapshot_disruptive_person	Disruptive_Person	0	0	0	0	0	0	0	0	0	0	0	0	0	0	0	0	0	0	0	0	0	0	0	0	0	0	0	0	0	0	0	1	0	0	0	0	0	0	0	1	0	0	0	0	0	0	0	0																																4044								1730									4038	808	140	2838	5	0	400	Disruptive_Person	Disruptive_Person	0				0			4417	4417	4417	4417	1	0	4417	4417	4417	4417	4417	1	0	4417	3				
Recording064	ProVisioNET_study_109_01	Male	Novice	snapshot_disruptive_person	5	snapshot_disruptive_person	Disruptive_Person	0	0	0	0	0	0	0	0	0	0	0	0	0	0	0	0	0	0	0	0	1	0	0	0	0	0	0	0	0	0	0	0	0	0	0	0	0	1	0	0	0	0	0	0	0	0	0	0																					4062																	2589											3758	1253	740	2179	3	0	840	Disruptive_Person	Disruptive_Person	0				0			4617	4617	4617	4617	1	0	4617	4617	4617	4617	4617	1	0	4617	3				
Recording064	ProVisioNET_study_109_01	Male	Novice	snapshot_disruptive_person	6	snapshot_disruptive_person	Disruptive_Person	0	0	0	0	0	0	0	0	0	0	0	1	1	0	0	0	0	0	0	0	0	0	0	0	0	0	0	0	0	0	0	0	0	0	1	0	0	0	0	0	0	0	0	0	0	0	0	0												8068	295																						6285														5357	893	80	3458	6	0	220	Disruptive_Person	Disruptive_Person	0				0			8115	8115	8115	8115	1	0	8115	8115	8115	8115	8115	1	0	8115	5				
Recording064	ProVisioNET_study_109_01	Male	Novice	snapshot_disruptive_person	7	snapshot_disruptive_person	Disruptive_Person	0	0	0	0	0	0	0	0	0	0	0	0	0	0	0	0	0	0	1	0	0	0	0	0	0	0	0	0	0	0	0	0	0	0	0	0	1	0	0	0	0	0	0	0	0	0	0	0																			507																		2516												2878	576	140	1359	5	0	160	Disruptive_Person	Disruptive_Person	0				0			3678	3678	3678	3678	1	0	3678	3678	3678	3678	3678	1	0	3678	3				
Recording064	ProVisioNET_study_109_01	Male	Novice	snapshot_disruptive_person	8	snapshot_disruptive_person	Disruptive_Person	0	0	0	0	0	0	0	0	1	1	0	0	0	0	0	0	0	0	0	0	0	0	0	0	0	0	0	0	0	0	0	0	0	1	0	0	0	0	0	0	0	0	0	0	0	0	0	0									5577	845																								4778															5377	1792	340	3118	3	0	3118	Disruptive_Person	Disruptive_Person	0				0			6036	6036	6036	6036	1	0	6036	6036	6036	6036	6036	1	0	6036	3				
Recording064	ProVisioNET_study_109_01	Male	Novice	snapshot_material_teacher	1	snapshot_material_teacher	Material_Teacher	0	0	0	0	0	0	0	0	0	0	0	0	0	0	0	0	0	0	0	0	0	0	0	0	0	0	0	0	0	0	0	0	0	0	0	0	0	0	0	0	0	0	0	0	0	0	0	0																																																	240	240	240	240	1	40	240	Material_Teacher	Material_Teacher	0				0			240	240	240	240	1	40	240	280	280	280	280	1	0	280	0				
Recording064	ProVisioNET_study_109_01	Male	Novice	snapshot_material_teacher	2	snapshot_material_teacher	Material_Teacher	0	0	0	0	0	0	0	0	0	0	0	0	0	0	0	0	0	0	0	0	0	0	0	0	0	0	0	0	0	0	0	0	0	0	0	0	0	0	0	0	0	0	0	0	0	0	0	0																																																	4797	1199	200	2259	4	0	200	Material_Teacher	Material_Teacher	0				0			5077	5077	5077	5077	1	0	5077	5077	5077	5077	5077	1	0	5077	2				
Recording064	ProVisioNET_study_109_01	Male	Novice	snapshot_material_teacher	3	snapshot_material_teacher	Material_Teacher	0	0	0	0	0	0	0	0	0	0	0	0	0	0	0	0	0	0	0	0	0	0	0	0	0	0	0	0	0	0	0	0	0	0	0	0	0	0	0	0	0	0	0	0	0	0	0	0																																																	5317	443	120	899	12	0	140	Material_Teacher	Material_Teacher	0				0			6696	6696	6696	6696	1	0	6696	6696	6696	6696	6696	1	0	6696	8				
Recording064	ProVisioNET_study_109_01	Male	Novice	snapshot_material_teacher	4	snapshot_material_teacher	Material_Teacher	0	0	0	0	0	0	0	0	0	0	0	0	0	0	0	0	0	0	0	0	0	0	0	0	0	0	0	0	0	0	0	0	0	0	0	0	0	0	0	0	0	0	0	0	0	0	0	0																																																	480	480	480	480	1	0	480	Material_Teacher	Material_Teacher	0				0			480	480	480	480	1	0	480	480	480	480	480	1	0	480	0				
Recording064	ProVisioNET_study_109_01	Male	Novice	snapshot_material_teacher	5	snapshot_material_teacher	Material_Teacher	0	0	0	0	0	0	0	0	0	0	0	0	0	0	0	0	0	0	0	0	0	0	0	0	0	0	0	0	0	0	0	0	0	0	0	0	0	0	0	0	0	0	0	0	0	0	0	0																																																	180	180	180	180	1	0	180	Material_Teacher	Material_Teacher	0				0			180	180	180	180	1	0	180	180	180	180	180	1	0	180	0				
Recording064	ProVisioNET_study_109_01	Male	Novice	snapshot_material_teacher	6	snapshot_material_teacher	Material_Teacher	0	0	0	0	0	0	0	0	0	0	0	0	0	0	0	0	0	0	0	0	0	0	0	0	0	0	0	0	0	0	0	0	0	0	0	0	0	0	0	0	0	0	0	0	0	1	0	0																																														2417			8035	893	140	2818	9	0	2818	Material_Teacher	Material_Teacher	0				0			11753	11753	11753	11753	1	0	11753	11753	11753	11753	11753	1	0	11753	5				
Recording064	ProVisioNET_study_109_01	Male	Novice	snapshot_material_teacher	7	snapshot_material_teacher	Material_Teacher	0	0	0	0	0	0	0	0	0	0	0	0	0	0	0	0	0	0	0	0	0	0	0	0	0	0	0	0	0	0	0	0	0	0	0	0	0	0	0	0	0	0	0	0	0	0	0	0																																																	29063	1002	100	6436	29	0	160	Material_Teacher	Material_Teacher	0				0			32801	32801	32801	32801	1	0	32801	32801	32801	32801	32801	1	0	32801	29				
Recording064	ProVisioNET_study_109_01	Male	Novice	snapshot_material_teacher	8	snapshot_material_teacher	Material_Teacher	0	0	0	0	0	0	0	0	0	0	0	0	0	0	0	0	0	0	0	0	0	0	0	1	1	0	0	0	0	0	0	0	0	0	0	0	0	0	1	0	0	0	0	0	0	0	0	0																								9544	7558														9544										18549	927	140	6076	20	0	180	Material_Teacher	Material_Teacher	0				0			21427	21427	21427	21427	1	0	21427	21427	21427	21427	21427	1	0	21427	18				
Recording064	ProVisioNET_study_109_01	Male	Novice	snapshot_material_teacher	9	snapshot_material_teacher	Material_Teacher	0	0	0	0	0	0	0	0	0	0	0	0	0	0	0	0	0	0	0	0	0	0	0	0	0	0	0	0	0	0	0	0	0	0	0	0	0	0	0	0	0	0	0	0	0	0	0	0																																																	600	600	600	600	1	0	600	Material_Teacher	Material_Teacher	0				0			600	600	600	600	1	0	600	600	600	600	600	1	0	600	0				
Recording064	ProVisioNET_study_109_01	Male	Novice	snapshot_material_teacher	10	snapshot_material_teacher	Material_Teacher	0	0	0	0	0	0	0	0	0	0	0	0	0	0	0	0	0	0	0	0	0	0	0	0	0	0	0	0	0	0	0	0	0	0	0	0	0	0	0	0	0	0	0	0	0	0	0	0																																																	820	273	100	400	3	0	400	Material_Teacher	Material_Teacher	0				0			2039	2039	2039	2039	1	0	2039	2039	2039	2039	2039	1	0	2039	1				
Recording064	ProVisioNET_study_109_01	Male	Novice	snapshot_material_teacher	11	snapshot_material_teacher	Material_Teacher	0	0	0	0	0	0	0	0	0	0	0	0	0	0	0	0	0	0	0	0	0	0	0	0	0	0	0	0	0	0	0	0	0	0	0	0	0	0	0	0	0	0	0	0	0	0	0	0																																																	160	160	160	160	1	0	160	Material_Teacher	Material_Teacher	0				0			160	160	160	160	1	0	160	160	160	160	160	1	0	160	0				
Recording064	ProVisioNET_study_109_01	Male	Novice	snapshot_material_teacher	12	snapshot_material_teacher	Material_Teacher	0	0	0	0	0	0	0	0	0	0	0	0	0	0	0	0	0	0	0	0	0	0	0	0	0	0	0	0	0	0	0	0	0	0	0	0	0	0	0	0	0	0	0	0	0	0	0	0																																																	1379	276	140	520	5	0	280	Material_Teacher	Material_Teacher	0				0			7935	7935	7935	7935	1	0	7935	7935	7935	7935	7935	1	0	7935	2				
Recording064	ProVisioNET_study_109_01	Male	Novice	snapshot_material_teacher	13	snapshot_material_teacher	Material_Teacher	0	0	0	0	0	0	0	0	0	0	0	0	0	0	0	0	0	0	0	0	0	0	0	0	0	0	0	0	0	0	0	0	0	0	0	0	0	0	0	0	0	0	0	0	0	0	0	0																																																	8215	632	180	1479	13	0	899	Material_Teacher	Material_Teacher	0				0			9175	9175	9175	9175	1	0	9175	9175	9175	9175	9175	1	0	9175	13				
Recording064	ProVisioNET_study_109_01	Male	Novice	snapshot_material_teacher	14	snapshot_material_teacher	Material_Teacher	0	0	0	0	0	0	0	0	0	0	0	0	0	0	0	0	0	0	0	0	0	0	0	0	0	0	0	0	0	0	0	0	0	0	0	0	0	0	0	0	0	0	0	0	0	0	0	0																																																	1499	1499	1499	1499	1	0	1499	Material_Teacher	Material_Teacher	0				0			1499	1499	1499	1499	1	0	1499	1499	1499	1499	1499	1	0	1499	0				
Recording064	ProVisioNET_study_109_01	Male	Novice	snapshot_material_teacher	15	snapshot_material_teacher	Material_Teacher	0	0	0	0	0	0	0	0	0	0	0	0	0	0	0	0	0	0	0	0	0	0	0	0	0	0	0	0	0	0	0	0	0	0	0	0	0	0	0	0	0	0	0	0	0	0	0	0																																																	160	160	160	160	1	0	160	Material_Teacher	Material_Teacher	0				0			160	160	160	160	1	0	160	160	160	160	160	1	0	160	0				
Recording064	ProVisioNET_study_109_01	Male	Novice	snapshot_material_teacher	16	snapshot_material_teacher	Material_Teacher	0	0	0	0	0	0	0	0	0	0	0	0	0	0	0	0	0	0	0	0	0	0	0	0	0	0	0	0	0	0	0	0	0	0	0	0	0	0	0	0	0	0	0	0	0	0	0	0																																																	2339	468	160	1179	5	0	160	Material_Teacher	Material_Teacher	0				0			6176	6176	6176	6176	1	0	6176	6176	6176	6176	6176	1	0	6176	9				
Recording064	ProVisioNET_study_109_01	Male	Novice	snapshot_material_teacher	17	snapshot_material_teacher	Material_Teacher	0	0	0	0	0	0	0	0	0	0	0	0	0	0	0	0	0	0	0	0	0	0	0	0	0	0	0	0	0	0	0	0	0	0	0	0	0	0	0	0	0	0	0	0	0	0	0	0																																																	2059	1029	919	1139	2	0	1139	Material_Teacher	Material_Teacher	0				0			2079	2079	2079	2079	1	0	2079	2079	2079	2079	2079	1	0	2079	1				
Recording064	ProVisioNET_study_109_01	Male	Novice	snapshot_material_teacher	18	snapshot_material_teacher	Material_Teacher	0	0	0	0	0	0	0	0	0	0	0	0	0	0	0	0	0	0	0	0	0	0	0	0	0	0	0	0	0	0	0	0	0	0	0	0	0	0	0	0	0	0	0	0	0	0	0	0																																																	1459	243	180	360	6	0	360	Material_Teacher	Material_Teacher	0				0			9914	9914	9914	9914	1	0	9914	9914	9914	9914	9914	1	0	9914	10				
Recording064	ProVisioNET_study_109_01	Male	Novice	snapshot_material_teacher	19	snapshot_material_teacher	Material_Teacher	0	0	0	0	0	0	0	0	0	0	0	0	0	0	0	0	0	0	0	0	0	0	0	0	0	0	0	0	0	0	0	0	0	0	0	0	0	0	0	0	0	0	0	0	0	0	0	0																																																	3738	934	340	1939	4	0	760	Material_Teacher	Material_Teacher	0				0			4078	4078	4078	4078	1	0	4078	4078	4078	4078	4078	1	0	4078	2				
Recording064	ProVisioNET_study_109_01	Male	Novice	snapshot_material_teacher	20	snapshot_material_teacher	Material_Teacher	0	0	0	0	0	0	0	0	0	0	0	0	0	0	0	0	0	0	0	0	0	0	0	0	0	0	0	0	0	0	0	0	0	0	0	0	0	0	0	0	0	0	0	0	0	0	0	0																																																	999	333	140	640	3	0	220	Material_Teacher	Material_Teacher	0				0			2898	2898	2898	2898	1	0	2898	2898	2898	2898	2898	1	0	2898	2				
Recording064	ProVisioNET_study_109_01	Male	Novice	snapshot_students	1	snapshot_students	Anna	0	0	1	0	0	0	0	0	0	0	0	0	0	0	0	0	0	0	0	0	0	0	0	0	0	0	0	0	0	0	0	0	0	0	0	0	0	0	0	0	0	0	0	0	0	0	0	0			13067																																														6796	618	120	2119	11	380	260	Anna	Anna	0				0			9075	1134	280	3118	8	380	1179	9075	1134	280	3118	8	380	1179	5	360	1559	160,48	291,69
Recording064	ProVisioNET_study_109_01	Male	Novice	snapshot_students	1	snapshot_students	Bianca	0	0	1	0	0	0	0	0	0	0	0	0	0	0	0	0	0	0	0	0	0	0	0	0	0	0	0	0	0	0	0	0	0	0	0	0	0	0	0	0	0	0	0	0	0	0	0	0			13067																																														36199	1293	160	3638	28	1599	160	Anna	Anna	0				0			44774	4070	160	13672	11	1599	160	44774	4070	160	13672	11	1599	160	9	1559	1759	291,69	306,15
Recording064	ProVisioNET_study_109_01	Male	Novice	snapshot_students	1	snapshot_students	Carl(a)	0	0	1	0	0	0	0	0	0	0	0	0	0	0	0	0	0	0	0	0	0	0	0	0	0	0	0	0	0	0	0	0	0	0	0	0	0	0	0	0	0	0	0	0	0	0	0	0			13067																																														6236	416	80	999	15	0	160	Anna	Anna	0				0			6536	726	160	1339	9	0	360	6536	726	160	1339	9	0	360	4	2279	360	520,53	160,48
Recording064	ProVisioNET_study_109_01	Male	Novice	snapshot_students	2	snapshot_students	Anna	0	0	0	0	0	0	0	0	0	0	0	0	0	0	0	0	0	0	0	0	0	0	0	0	0	0	0	0	0	0	0	0	0	0	0	0	0	0	0	0	0	0	0	0	0	0	0	0																																																	1499	500	120	760	3	0	120	Bianca	Bianca	0				0			5317	5317	5317	5317	1	0	5317	5317	5317	5317	5317	1	0	5317	5		5317		383,99
Recording064	ProVisioNET_study_109_01	Male	Novice	snapshot_students	2	snapshot_students	Bianca	0	0	0	0	0	0	0	0	0	0	0	0	0	0	0	0	0	0	0	0	0	0	0	0	0	0	0	0	0	0	0	0	0	0	0	0	0	0	0	0	0	0	0	0	0	0	0	0																																																	780	780	780	780	1	5377	780	Bianca	Bianca	0				0			780	780	780	780	1	5377	780	780	780	780	780	1	5377	780	0	5317		383,99	
Recording064	ProVisioNET_study_109_01	Male	Novice	snapshot_students	2	snapshot_students	Carl(a)	0	0	0	0	0	0	0	0	0	0	0	0	0	0	0	0	0	0	0	0	0	0	0	0	0	0	0	0	0	0	0	0	0	0	0	0	0	0	0	0	0	0	0	0	0	0	0	0																																																	0				0			Bianca	Bianca	0				0			0				0			0				0			0				
Recording064	ProVisioNET_study_109_01	Male	Novice	snapshot_students	3	snapshot_students	Anna	0	0	0	0	0	0	0	0	0	0	0	0	0	0	0	0	0	0	0	0	0	0	0	0	0	0	0	0	0	0	0	0	0	0	0	0	0	0	0	0	0	0	0	0	0	0	0	0																																																	380	380	380	380	1	0	380	Anna	Anna	0				0			380	380	380	380	1	0	380	380	380	380	380	1	0	380	0				
Recording064	ProVisioNET_study_109_01	Male	Novice	snapshot_students	3	snapshot_students	Bianca	0	0	0	0	0	0	0	0	0	0	0	0	0	0	0	0	0	0	0	0	0	0	0	0	0	0	0	0	0	0	0	0	0	0	0	0	0	0	0	0	0	0	0	0	0	0	0	0																																																	0				0			Anna	Anna	0				0			0				0			0				0			0				
Recording064	ProVisioNET_study_109_01	Male	Novice	snapshot_students	3	snapshot_students	Carl(a)	0	0	0	0	0	0	0	0	0	0	0	0	0	0	0	0	0	0	0	0	0	0	0	0	0	0	0	0	0	0	0	0	0	0	0	0	0	0	0	0	0	0	0	0	0	0	0	0																																																	0				0			Anna	Anna	0				0			0				0			0				0			0				
Recording064	ProVisioNET_study_109_01	Male	Novice	snapshot_students	4	snapshot_students	Anna	0	0	0	0	0	0	0	0	0	0	0	0	0	0	0	0	0	0	0	0	0	0	0	0	0	0	0	0	0	0	0	0	0	0	0	0	0	0	0	0	0	0	0	0	0	0	0	0																																																	1819	303	100	959	6	1799	120	Bianca	Bianca	0				0			3938	984	100	3338	4	1799	3338	3938	984	100	3338	4	1799	3338	1		5137		399,66
Recording064	ProVisioNET_study_109_01	Male	Novice	snapshot_students	4	snapshot_students	Bianca	0	0	0	0	0	0	0	0	0	0	0	0	0	0	0	0	0	0	0	0	0	0	0	0	0	0	0	0	0	0	0	0	0	0	0	0	0	0	0	0	0	0	0	0	0	0	0	0																																																	12733	1273	140	2838	10	0	620	Bianca	Bianca	0				0			16191	2698	420	5697	6	0	620	16191	2698	420	5697	6	0	620	3	5137	5617	399,66	360,62
Recording064	ProVisioNET_study_109_01	Male	Novice	snapshot_students	4	snapshot_students	Carl(a)	0	0	0	0	0	0	0	0	0	0	0	0	0	0	0	0	0	0	0	0	0	0	0	0	0	0	0	0	0	0	0	0	0	0	0	0	0	0	0	0	0	0	0	0	0	0	0	0																																																	979	490	440	540	2	5657	440	Bianca	Bianca	0				0			979	490	440	540	2	5657	440	979	490	440	540	2	5657	440	0	5617		360,62	
Recording064	ProVisioNET_study_109_01	Male	Novice	snapshot_students	5	snapshot_students	Anna	0	0	0	0	0	0	0	0	0	0	0	0	0	0	0	0	0	0	0	0	0	0	0	0	0	0	0	0	0	0	0	0	0	0	0	0	0	0	0	0	0	1	0	0	0	1	1	1																																										39353				65740	40238	35740	6956	696	120	2618	10	3258	740	Anna	Anna	0				0			8255	1032	200	4437	8	3258	740	8255	1032	200	4437	8	3258	740	3	3218	3998	287,87	272,7
Recording064	ProVisioNET_study_109_01	Male	Novice	snapshot_students	5	snapshot_students	Bianca	0	0	0	0	0	0	0	0	0	0	0	0	0	0	0	0	0	0	0	0	0	0	0	0	0	0	0	0	0	0	0	0	0	0	0	0	0	0	0	0	0	1	0	0	0	1	1	1																																										39353				65740	40238	35740	25325	1013	80	4138	25	0	320	Anna	Anna	0				0			34640	2474	100	15371	14	0	2159	34640	2474	100	15371	14	0	2159	11	2539	2159	357,68	397,78
Recording064	ProVisioNET_study_109_01	Male	Novice	snapshot_students	5	snapshot_students	Carl(a)	0	0	0	0	0	0	0	0	0	0	0	0	0	0	0	0	0	0	0	0	0	0	0	0	0	0	0	0	0	0	0	0	0	0	0	0	0	0	0	0	0	1	0	0	0	1	1	1																																										39353				65740	40238	35740	23066	1442	80	5257	16	2219	320	Anna	Anna	0				0			24945	4158	320	12892	6	2219	320	24945	4158	320	12892	6	2219	320	5	2159	2539	397,78	357,68
Recording064	ProVisioNET_study_109_01	Male	Novice	snapshot_students	6	snapshot_students	Anna	0	0	0	0	0	0	0	0	0	0	0	0	0	0	0	0	0	0	0	0	0	0	0	0	0	0	0	0	0	0	0	0	0	0	0	0	0	0	0	0	0	0	0	0	0	0	0	0																																																	1919	480	200	840	4	9474	840	Anna	Anna	0				0			3358	1119	200	2499	3	9474	2499	3358	1119	200	2499	3	9474	2499	1	9414	11973	392,38	390,01
Recording064	ProVisioNET_study_109_01	Male	Novice	snapshot_students	6	snapshot_students	Bianca	0	0	0	0	0	0	0	0	0	0	0	0	0	0	0	0	0	0	0	0	0	0	0	0	0	0	0	0	0	0	0	0	0	0	0	0	0	0	0	0	0	0	0	0	0	0	0	0																																																	3118	624	180	879	5	0	740	Anna	Anna	0				0			7496	1874	740	4997	4	0	740	7496	1874	740	4997	4	0	740	8	4357	740	350,93	272,28
Recording064	ProVisioNET_study_109_01	Male	Novice	snapshot_students	6	snapshot_students	Carl(a)	0	0	0	0	0	0	0	0	0	0	0	0	0	0	0	0	0	0	0	0	0	0	0	0	0	0	0	0	0	0	0	0	0	0	0	0	0	0	0	0	0	0	0	0	0	0	0	0																																																	720	360	180	540	2	3818	540	Anna	Anna	0				0			720	360	180	540	2	3818	540	720	360	180	540	2	3818	540	0	3758	4357	374,64	350,93
Recording064	ProVisioNET_study_109_01	Male	Novice	snapshot_students	7	snapshot_students	Anna	0	0	0	0	0	0	0	0	0	0	0	0	0	0	0	0	0	0	0	0	0	0	1	0	0	0	0	0	0	0	0	0	0	0	0	0	0	0	0	0	0	0	0	0	0	0	0	0																							3059																										3198	640	140	1539	5	1679	840	Anna	Anna	0				0			7436	2479	140	6456	3	1679	840	7436	2479	140	6456	3	1679	840	0	1619	2519	378,26	369,25
Recording064	ProVisioNET_study_109_01	Male	Novice	snapshot_students	7	snapshot_students	Bianca	0	0	0	0	0	0	0	0	0	0	0	0	0	0	0	0	0	0	0	0	0	0	1	0	0	0	0	0	0	0	0	0	0	0	0	0	0	0	0	0	0	0	0	0	0	0	0	0																							3059																										2858	286	100	720	10	0	340	Anna	Anna	0				0			7036	1407	320	5097	5	0	340	7036	1407	320	5097	5	0	340	5	720	340	375,59	354,82
Recording064	ProVisioNET_study_109_01	Male	Novice	snapshot_students	7	snapshot_students	Carl(a)	0	0	0	0	0	0	0	0	0	0	0	0	0	0	0	0	0	0	0	0	0	0	1	0	0	0	0	0	0	0	0	0	0	0	0	0	0	0	0	0	0	0	0	0	0	0	0	0																							3059																										1839	306	120	740	6	400	120	Anna	Anna	0				0			2099	700	320	1139	3	400	320	2139	713	360	1139	3	360	360	2	2918	720	179,51	375,59
Recording064	ProVisioNET_study_109_01	Male	Novice	snapshot_students	8	snapshot_students	Anna	0	0	0	0	0	0	0	0	0	0	0	0	0	0	0	0	0	0	0	0	0	0	0	0	0	0	0	0	0	0	0	0	0	0	0	0	0	0	0	0	0	0	0	0	0	0	0	0																																																	1619	810	160	1459	2	0	160	Anna	Anna	0				0			1619	810	160	1459	2	0	160	1619	810	160	1459	2	0	160	0	3738	160	183,47	340,84
Recording064	ProVisioNET_study_109_01	Male	Novice	snapshot_students	8	snapshot_students	Bianca	0	0	0	0	0	0	0	0	0	0	0	0	0	0	0	0	0	0	0	0	0	0	0	0	0	0	0	0	0	0	0	0	0	0	0	0	0	0	0	0	0	0	0	0	0	0	0	0																																																	2698	1349	879	1819	2	220	1819	Anna	Anna	0				0			2698	1349	879	1819	2	220	1819	2698	1349	879	1819	2	220	1819	0	160	2039	340,84	343,62
Recording064	ProVisioNET_study_109_01	Male	Novice	snapshot_students	8	snapshot_students	Carl(a)	0	0	0	0	0	0	0	0	0	0	0	0	0	0	0	0	0	0	0	0	0	0	0	0	0	0	0	0	0	0	0	0	0	0	0	0	0	0	0	0	0	0	0	0	0	0	0	0																																																	480	240	120	360	2	2119	120	Anna	Anna	0				0			500	500	500	500	1	2119	500	500	500	500	500	1	2119	500	1	2039	2618	343,62	291,33
Recording064	ProVisioNET_study_109_01	Male	Novice	snapshot_students	9	snapshot_students	Anna	0	0	0	0	0	0	0	0	0	0	0	0	0	0	0	0	0	0	0	0	0	0	0	0	0	0	0	0	0	0	0	0	0	0	0	0	0	0	0	0	0	0	0	0	0	0	0	0																																																	2339	1169	500	1839	2	0	500	Anna	Anna	0				0			2339	1169	500	1839	2	0	500	2339	1169	500	1839	2	0	500	0	919		371,8	
Recording064	ProVisioNET_study_109_01	Male	Novice	snapshot_students	9	snapshot_students	Bianca	0	0	0	0	0	0	0	0	0	0	0	0	0	0	0	0	0	0	0	0	0	0	0	0	0	0	0	0	0	0	0	0	0	0	0	0	0	0	0	0	0	0	0	0	0	0	0	0																																																	240	240	240	240	1	680	240	Anna	Anna	0				0			240	240	240	240	1	680	240	240	240	240	240	1	680	240	0		919		371,8
Recording064	ProVisioNET_study_109_01	Male	Novice	snapshot_students	9	snapshot_students	Carl(a)	0	0	0	0	0	0	0	0	0	0	0	0	0	0	0	0	0	0	0	0	0	0	0	0	0	0	0	0	0	0	0	0	0	0	0	0	0	0	0	0	0	0	0	0	0	0	0	0																																																	0				0			Anna	Anna	0				0			0				0			0				0			0				
Recording064	ProVisioNET_study_109_01	Male	Novice	snapshot_students	10	snapshot_students	Anna	0	0	0	0	0	0	0	0	0	0	0	0	0	0	1	1	0	0	0	0	0	0	0	0	0	0	0	0	0	0	0	0	0	0	0	1	0	0	0	0	0	0	0	0	0	0	0	0															19272	9473																				17107													800	400	340	460	2	5957	340	Carl(a)	Carl(a)	0				0			4377	4377	4377	4377	1	5957	4377	4377	4377	4377	4377	1	5957	4377	2	5897		280,63	
Recording064	ProVisioNET_study_109_01	Male	Novice	snapshot_students	10	snapshot_students	Bianca	0	0	0	0	0	0	0	0	0	0	0	0	0	0	1	1	0	0	0	0	0	0	0	0	0	0	0	0	0	0	0	0	0	0	0	1	0	0	0	0	0	0	0	0	0	0	0	0															19272	9473																				17107													3978	796	460	1299	5	0	460	Carl(a)	Carl(a)	0				0			3998	999	460	1299	4	0	460	3998	999	460	1299	4	0	460	1	4717	460	312,36	340,49
Recording064	ProVisioNET_study_109_01	Male	Novice	snapshot_students	10	snapshot_students	Carl(a)	0	0	0	0	0	0	0	0	0	0	0	0	0	0	1	1	0	0	0	0	0	0	0	0	0	0	0	0	0	0	0	0	0	0	0	1	0	0	0	0	0	0	0	0	0	0	0	0															19272	9473																				17107													5797	1159	220	2579	5	520	999	Carl(a)	Carl(a)	0				0			6776	2259	999	4397	3	520	999	6776	2259	999	4397	3	520	999	3	460	4717	340,49	312,36
Recording064	ProVisioNET_study_109_01	Male	Novice	snapshot_students	11	snapshot_students	Anna	0	0	0	0	0	0	0	0	0	0	0	0	0	1	0	0	0	0	0	0	0	0	0	0	0	0	0	0	0	0	0	0	0	0	0	0	0	0	0	0	0	0	0	0	0	0	0	0														5693																																			8475	1695	240	3558	5	2159	1139	Anna	Anna	0				0			16690	8345	5297	11393	2	2159	11393	16690	8345	5297	11393	2	2159	11393	17	2119	13552	232,8	354,34
Recording064	ProVisioNET_study_109_01	Male	Novice	snapshot_students	11	snapshot_students	Bianca	0	0	0	0	0	0	0	0	0	0	0	0	0	1	0	0	0	0	0	0	0	0	0	0	0	0	0	0	0	0	0	0	0	0	0	0	0	0	0	0	0	0	0	0	0	0	0	0														5693																																			3458	1729	620	2838	2	0	620	Anna	Anna	0				0			3458	1729	620	2838	2	0	620	3458	1729	620	2838	2	0	620	0	13552	620	354,34	283,73
Recording064	ProVisioNET_study_109_01	Male	Novice	snapshot_students	11	snapshot_students	Carl(a)	0	0	0	0	0	0	0	0	0	0	0	0	0	1	0	0	0	0	0	0	0	0	0	0	0	0	0	0	0	0	0	0	0	0	0	0	0	0	0	0	0	0	0	0	0	0	0	0														5693																																			1099	550	180	919	2	680	180	Anna	Anna	0				0			1159	1159	1159	1159	1	680	1159	1159	1159	1159	1159	1	680	1159	1	620		283,73	
Recording064	ProVisioNET_study_109_01	Male	Novice	snapshot_students	12	snapshot_students	Anna	0	0	0	0	0	0	0	0	0	0	0	0	0	0	0	0	0	0	0	0	0	0	0	0	0	0	0	0	0	0	0	0	0	0	0	0	0	0	0	0	0	0	0	0	0	0	0	0																																																	460	230	100	360	2	1219	100	Anna	Anna	0				0			500	500	500	500	1	1219	500	500	500	500	500	1	1219	500	1	1159		214,3	
Recording064	ProVisioNET_study_109_01	Male	Novice	snapshot_students	12	snapshot_students	Bianca	0	0	0	0	0	0	0	0	0	0	0	0	0	0	0	0	0	0	0	0	0	0	0	0	0	0	0	0	0	0	0	0	0	0	0	0	0	0	0	0	0	0	0	0	0	0	0	0																																																	540	540	540	540	1	0	540	Anna	Anna	0				0			540	540	540	540	1	0	540	540	540	540	540	1	0	540	0		540		195,2
Recording064	ProVisioNET_study_109_01	Male	Novice	snapshot_students	12	snapshot_students	Carl(a)	0	0	0	0	0	0	0	0	0	0	0	0	0	0	0	0	0	0	0	0	0	0	0	0	0	0	0	0	0	0	0	0	0	0	0	0	0	0	0	0	0	0	0	0	0	0	0	0																																																	0				0			Anna	Anna	0				0			0				0			0				0			0				
Recording064	ProVisioNET_study_109_01	Male	Novice	snapshot_students	13	snapshot_students	Anna	0	0	0	0	0	0	0	0	0	0	0	0	0	0	0	0	0	0	0	0	0	0	0	0	0	0	0	0	0	0	1	1	1	0	0	0	0	0	0	1	1	0	1	1	1	0	0	0																															139136	121355	109436							119041	20243		48901	21242	18901				48711	1188	80	4098	41	3478	800	Bianca	Bianca	0				0			73017	6638	660	13592	11	3478	9354	73017	6638	660	13592	11	3478	9354	41	3418	12832	332,78	358,77
Recording064	ProVisioNET_study_109_01	Male	Novice	snapshot_students	13	snapshot_students	Bianca	0	0	0	0	0	0	0	0	0	0	0	0	0	0	0	0	0	0	0	0	0	0	0	0	0	0	0	0	0	0	1	1	1	0	0	0	0	0	0	1	1	0	1	1	1	0	0	0																															139136	121355	109436							119041	20243		48901	21242	18901				26105	900	100	3858	29	0	100	Bianca	Bianca	0				0			30762	1465	260	6276	21	0	820	30802	1467	260	6276	21	0	820	13	1479	820	292,75	310,96
Recording064	ProVisioNET_study_109_01	Male	Novice	snapshot_students	13	snapshot_students	Carl(a)	0	0	0	0	0	0	0	0	0	0	0	0	0	0	0	0	0	0	0	0	0	0	0	0	0	0	0	0	0	0	1	1	1	0	0	0	0	0	0	1	1	0	1	1	1	0	0	0																															139136	121355	109436							119041	20243		48901	21242	18901				27264	1435	140	6816	19	879	300	Bianca	Bianca	0				0			35419	3220	280	14991	11	879	600	35419	3220	280	14991	11	879	600	8	820	1479	310,96	292,75
Recording064	ProVisioNET_study_109_01	Male	Novice	snapshot_students	14	snapshot_students	Anna	0	0	0	0	0	0	0	0	0	0	0	0	0	0	0	0	0	0	0	0	0	0	0	0	0	0	0	0	0	0	0	0	0	0	0	0	0	0	0	0	0	0	0	0	0	0	0	0																																																	340	340	340	340	1	10394	340	Carl(a)	Carl(a)	0				0			340	340	340	340	1	10394	340	340	340	340	340	1	10394	340	0	10354	10734	239,77	414,11
Recording064	ProVisioNET_study_109_01	Male	Novice	snapshot_students	14	snapshot_students	Bianca	0	0	0	0	0	0	0	0	0	0	0	0	0	0	0	0	0	0	0	0	0	0	0	0	0	0	0	0	0	0	0	0	0	0	0	0	0	0	0	0	0	0	0	0	0	0	0	0																																																	4597	511	120	959	9	0	340	Carl(a)	Carl(a)	0				0			7995	1999	340	5237	4	0	340	7995	1999	340	5237	4	0	340	11	5077	340	206,74	281,95
Recording064	ProVisioNET_study_109_01	Male	Novice	snapshot_students	14	snapshot_students	Carl(a)	0	0	0	0	0	0	0	0	0	0	0	0	0	0	0	0	0	0	0	0	0	0	0	0	0	0	0	0	0	0	0	0	0	0	0	0	0	0	0	0	0	0	0	0	0	0	0	0																																																	2359	393	100	660	6	1279	660	Carl(a)	Carl(a)	0				0			2399	600	320	1079	4	1279	660	2399	600	320	1079	4	1279	660	2	1219	1939	304,09	325,22
Recording064	ProVisioNET_study_109_01	Male	Novice	snapshot_students	15	snapshot_students	Anna	0	0	0	0	0	0	0	0	0	0	0	0	0	0	0	0	0	0	0	1	1	1	0	0	0	0	0	0	0	0	0	0	0	0	0	0	0	1	0	0	0	0	0	0	0	0	0	0																				39698	14355	9698																12883											8975	816	160	2858	11	5916	879	Bianca	Bianca	0				0			13292	1899	400	5137	7	5916	879	13292	1899	400	5137	7	5916	879	10	5896	6796	185,11	190
Recording064	ProVisioNET_study_109_01	Male	Novice	snapshot_students	15	snapshot_students	Bianca	0	0	0	0	0	0	0	0	0	0	0	0	0	0	0	0	0	0	0	1	1	1	0	0	0	0	0	0	0	0	0	0	0	0	0	0	0	1	0	0	0	0	0	0	0	0	0	0																				39698	14355	9698																12883											13952	734	100	2818	19	0	160	Bianca	Bianca	0				0			19349	2150	100	5457	9	0	1779	19349	2150	100	5457	9	0	1779	17	10234	1779	303,59	250,96
Recording064	ProVisioNET_study_109_01	Male	Novice	snapshot_students	15	snapshot_students	Carl(a)	0	0	0	0	0	0	0	0	0	0	0	0	0	0	0	0	0	0	0	1	1	1	0	0	0	0	0	0	0	0	0	0	0	0	0	0	0	1	0	0	0	0	0	0	0	0	0	0																				39698	14355	9698																12883											2638	660	500	760	4	25945	620	Bianca	Bianca	0				0			2738	1369	760	1979	2	25945	1979	2738	1369	760	1979	2	25945	1979	2	25925	41875	125,37	307,94
Recording064	ProVisioNET_study_109_01	Male	Novice	snapshot_students	16	snapshot_students	Anna	0	0	0	0	0	0	0	0	0	0	0	0	0	0	0	0	0	0	0	0	0	0	0	0	0	0	0	0	0	0	0	0	0	0	0	0	0	0	0	0	0	0	0	0	0	0	0	0																																																	2738	685	600	780	4	9095	600	Bianca	Bianca	0				0			4557	2279	1879	2678	2	9095	1879	4557	2279	1879	2678	2	9095	1879	4	9075	14332	136,33	231,62
Recording064	ProVisioNET_study_109_01	Male	Novice	snapshot_students	16	snapshot_students	Bianca	0	0	0	0	0	0	0	0	0	0	0	0	0	0	0	0	0	0	0	0	0	0	0	0	0	0	0	0	0	0	0	0	0	0	0	0	0	0	0	0	0	0	0	0	0	0	0	0																																																	1079	360	200	520	3	8135	360	Bianca	Bianca	0				0			1079	360	200	520	3	8135	360	1079	360	200	520	3	8135	360	0	8095	8495	132,1	232,37
Recording064	ProVisioNET_study_109_01	Male	Novice	snapshot_students	16	snapshot_students	Carl(a)	0	0	0	0	0	0	0	0	0	0	0	0	0	0	0	0	0	0	0	0	0	0	0	0	0	0	0	0	0	0	0	0	0	0	0	0	0	0	0	0	0	0	0	0	0	0	0	0																																																	4078	680	180	1599	6	0	840	Bianca	Bianca	0				0			6116	6116	6116	6116	1	0	6116	6116	6116	6116	6116	1	0	6116	8				
Recording064	ProVisioNET_study_109_01	Male	Novice	snapshot_students	17	snapshot_students	Anna	0	0	0	0	0	0	0	0	0	0	1	1	1	0	0	0	0	0	0	0	0	0	0	0	0	0	0	0	0	0	0	0	0	0	1	0	0	0	0	0	0	0	0	0	0	0	0	0											39949	17722	9949																						15939														4917	702	220	1619	7	3458	640	Carl(a)	Carl(a)	0				0			6696	1339	220	2598	5	3458	640	6696	1339	220	2598	5	3458	640	6	3438	4098	155,9	234,21
Recording064	ProVisioNET_study_109_01	Male	Novice	snapshot_students	17	snapshot_students	Bianca	0	0	0	0	0	0	0	0	0	0	1	1	1	0	0	0	0	0	0	0	0	0	0	0	0	0	0	0	0	0	0	0	0	0	1	0	0	0	0	0	0	0	0	0	0	0	0	0											39949	17722	9949																						15939														11133	655	100	1719	17	0	460	Carl(a)	Carl(a)	0				0			16890	2111	100	6316	8	0	1179	16890	2111	100	6316	8	0	1179	12	4098	1179	234,21	145,22
Recording064	ProVisioNET_study_109_01	Male	Novice	snapshot_students	17	snapshot_students	Carl(a)	0	0	0	0	0	0	0	0	0	0	1	1	1	0	0	0	0	0	0	0	0	0	0	0	0	0	0	0	0	0	0	0	0	0	1	0	0	0	0	0	0	0	0	0	0	0	0	0											39949	17722	9949																						15939														10294	735	200	3458	14	8695	200	Carl(a)	Carl(a)	0				0			16810	2802	360	8555	6	8695	8555	16810	2802	360	8555	6	8695	8555	17	8655	25925	157,65	193,94
Recording064	ProVisioNET_study_109_01	Male	Novice	snapshot_students	18	snapshot_students	Anna	0	0	0	0	0	0	0	0	0	0	0	0	0	0	0	0	0	1	1	0	0	0	0	0	0	0	0	0	0	0	0	0	0	0	0	0	1	0	0	0	0	0	0	0	0	0	0	0																		42373	38665																		40674												18249	960	100	3118	19	0	100	Carl(a)	Carl(a)	0				0			23966	2996	240	5996	8	0	4937	23966	2996	240	5996	8	0	4937	9	11153	4937	133,16	320,79
Recording064	ProVisioNET_study_109_01	Male	Novice	snapshot_students	18	snapshot_students	Bianca	0	0	0	0	0	0	0	0	0	0	0	0	0	0	0	0	0	1	1	0	0	0	0	0	0	0	0	0	0	0	0	0	0	0	0	0	1	0	0	0	0	0	0	0	0	0	0	0																		42373	38665																		40674												9115	506	100	1059	18	4957	280	Carl(a)	Carl(a)	0				0			20208	2526	140	9794	8	4957	280	20208	2526	140	9794	8	4957	280	19	4937	5237	320,79	369,67
Recording064	ProVisioNET_study_109_01	Male	Novice	snapshot_students	18	snapshot_students	Carl(a)	0	0	0	0	0	0	0	0	0	0	0	0	0	0	0	0	0	1	1	0	0	0	0	0	0	0	0	0	0	0	0	0	0	0	0	0	1	0	0	0	0	0	0	0	0	0	0	0																		42373	38665																		40674												2019	252	120	460	8	5277	160	Carl(a)	Carl(a)	0				0			2119	530	160	1279	4	5277	160	2119	530	160	1279	4	5277	160	4	5237	5437	369,67	266,64
Recording064	ProVisioNET_study_109_01	Male	Novice	snapshot_students	19	snapshot_students	Anna	0	0	0	0	0	0	0	0	0	0	0	0	0	0	0	0	1	0	0	0	0	0	0	0	0	0	0	0	0	0	0	0	0	0	0	0	0	0	0	0	0	0	0	0	0	0	0	0																	5674																																5237	655	280	2339	8	13072	460	Bianca	Bianca	0				0			8135	1356	380	3658	6	13072	460	8135	1356	380	3658	6	13072	460	0	13032	13532	199,67	352,76
Recording064	ProVisioNET_study_109_01	Male	Novice	snapshot_students	19	snapshot_students	Bianca	0	0	0	0	0	0	0	0	0	0	0	0	0	0	0	0	1	0	0	0	0	0	0	0	0	0	0	0	0	0	0	0	0	0	0	0	0	0	0	0	0	0	0	0	0	0	0	0																	5674																																22647	1192	240	4177	19	0	2299	Bianca	Bianca	0				0			38557	4284	320	15831	9	0	11573	38557	4284	320	15831	9	0	11573	19	12353	11573	389,63	360,21
Recording064	ProVisioNET_study_109_01	Male	Novice	snapshot_students	19	snapshot_students	Carl(a)	0	0	0	0	0	0	0	0	0	0	0	0	0	0	0	0	1	0	0	0	0	0	0	0	0	0	0	0	0	0	0	0	0	0	0	0	0	0	0	0	0	0	0	0	0	0	0	0																	5674																																1279	640	560	720	2	11633	720	Bianca	Bianca	0				0			1279	640	560	720	2	11633	720	1279	640	560	720	2	11633	720	0	11573	12353	360,21	389,63
Recording064	ProVisioNET_study_109_01	Male	Novice	snapshot_students	20	snapshot_students	Anna	0	0	0	0	0	0	0	1	1	1	0	0	0	0	0	0	0	0	0	0	0	0	0	0	0	0	0	0	0	0	0	0	0	1	0	0	0	0	0	0	0	0	0	0	0	0	0	0								36122	10854	6122																								10055															2219	740	300	1419	3	8455	500	Carl(a)	Carl(a)	0				0			2219	740	300	1419	3	8455	500	2219	740	300	1419	3	8455	500	0	8395	8955	354,36	478,92
Recording064	ProVisioNET_study_109_01	Male	Novice	snapshot_students	20	snapshot_students	Bianca	0	0	0	0	0	0	0	1	1	1	0	0	0	0	0	0	0	0	0	0	0	0	0	0	0	0	0	0	0	0	0	0	0	1	0	0	0	0	0	0	0	0	0	0	0	0	0	0								36122	10854	6122																								10055															22167	1478	100	3118	15	0	100	Carl(a)	Carl(a)	0				0			31501	7875	140	22567	4	0	8395	31501	7875	140	22567	4	0	8395	17	9354	8395	240,58	354,36
Recording064	ProVisioNET_study_109_01	Male	Novice	snapshot_students	20	snapshot_students	Carl(a)	0	0	0	0	0	0	0	1	1	1	0	0	0	0	0	0	0	0	0	0	0	0	0	0	0	0	0	0	0	0	0	0	0	1	0	0	0	0	0	0	0	0	0	0	0	0	0	0								36122	10854	6122																								10055															3098	620	80	1679	5	34000	440	Carl(a)	Carl(a)	0				0			3198	1066	300	2459	3	34000	440	3198	1066	300	2459	3	34000	440	0	33940	34440	418,79	175,33
Recording064	ProVisioNET_study_109_01	Male	Novice	snapshot_students	21	snapshot_students	Anna	0	0	0	0	0	0	0	0	0	0	0	0	0	0	0	0	0	0	0	0	0	0	0	0	0	0	0	0	0	0	0	0	0	0	0	0	0	0	0	0	0	0	0	0	0	0	0	0																																																	9075	1134	100	3918	8	6556	100	Anna	Anna	0				0			10514	2103	100	4198	5	6556	100	10514	2103	100	4198	5	6556	100	4	20208	6656	356,32	109,12
Recording064	ProVisioNET_study_109_01	Male	Novice	snapshot_students	21	snapshot_students	Bianca	0	0	0	0	0	0	0	0	0	0	0	0	0	0	0	0	0	0	0	0	0	0	0	0	0	0	0	0	0	0	0	0	0	0	0	0	0	0	0	0	0	0	0	0	0	0	0	0																																																	18949	947	100	4357	20	0	680	Anna	Anna	0				0			25405	2823	380	7536	9	0	1379	25405	2823	380	7536	9	0	1379	14	7595	13152	384,01	358,25
Recording064	ProVisioNET_study_109_01	Male	Novice	snapshot_students	21	snapshot_students	Carl(a)	0	0	0	0	0	0	0	0	0	0	0	0	0	0	0	0	0	0	0	0	0	0	0	0	0	0	0	0	0	0	0	0	0	0	0	0	0	0	0	0	0	0	0	0	0	0	0	0																																																	1119	280	220	380	4	1439	220	Anna	Anna	0				0			1119	280	220	380	4	1439	220	1119	280	220	380	4	1439	220	0	3918	13432	235,28	334,29
Recording064	ProVisioNET_study_109_01	Male	Novice	snapshot_students	22	snapshot_students	Anna	0	0	0	0	0	0	0	0	0	0	0	0	0	0	0	0	0	0	0	0	0	0	0	0	0	0	0	0	0	0	0	0	0	0	0	0	0	0	0	0	0	0	0	0	0	0	0	0																																																	1619	810	460	1159	2	5697	1159	Anna	Anna	0				0			2678	2678	2678	2678	1	5697	2678	2678	2678	2678	2678	1	5697	2678	1				
Recording064	ProVisioNET_study_109_01	Male	Novice	snapshot_students	22	snapshot_students	Bianca	0	0	0	0	0	0	0	0	0	0	0	0	0	0	0	0	0	0	0	0	0	0	0	0	0	0	0	0	0	0	0	0	0	0	0	0	0	0	0	0	0	0	0	0	0	0	0	0																																																	420	210	180	240	2	0	180	Anna	Anna	0				0			420	210	180	240	2	0	180	420	210	180	240	2	0	180	0	899	180	229,38	327,76
Recording064	ProVisioNET_study_109_01	Male	Novice	snapshot_students	22	snapshot_students	Carl(a)	0	0	0	0	0	0	0	0	0	0	0	0	0	0	0	0	0	0	0	0	0	0	0	0	0	0	0	0	0	0	0	0	0	0	0	0	0	0	0	0	0	0	0	0	0	0	0	0																																																	680	680	680	680	1	220	680	Anna	Anna	0				0			680	680	680	680	1	220	680	680	680	680	680	1	220	680	0	180	899	327,76	229,38
Recording064	ProVisioNET_study_109_01	Male	Novice	snapshot_students	23	snapshot_students	Anna	0	0	0	0	0	0	0	0	0	0	0	0	0	0	0	0	0	0	0	0	0	0	0	0	0	0	0	0	0	0	0	0	0	0	0	0	0	0	0	0	0	0	0	0	0	0	0	0																																																	10294	1144	160	2419	9	0	160	Anna	Anna	0				0			16330	4083	160	8055	4	0	160	16330	4083	160	8055	4	0	160	9	2139	160	341,67	284,5
Recording064	ProVisioNET_study_109_01	Male	Novice	snapshot_students	23	snapshot_students	Bianca	0	0	0	0	0	0	0	0	0	0	0	0	0	0	0	0	0	0	0	0	0	0	0	0	0	0	0	0	0	0	0	0	0	0	0	0	0	0	0	0	0	0	0	0	0	0	0	0																																																	8615	1436	80	3158	6	200	1939	Anna	Anna	0				0			9215	2304	1139	4737	4	200	1939	9215	2304	1139	4737	4	200	1939	1	160	2139	284,5	341,67
Recording064	ProVisioNET_study_109_01	Male	Novice	snapshot_students	23	snapshot_students	Carl(a)	0	0	0	0	0	0	0	0	0	0	0	0	0	0	0	0	0	0	0	0	0	0	0	0	0	0	0	0	0	0	0	0	0	0	0	0	0	0	0	0	0	0	0	0	0	0	0	0																																																	2479	620	160	1699	4	8035	320	Anna	Anna	0				0			2519	1259	320	2199	2	8035	320	2519	1259	320	2199	2	8035	320	2	7975	8355	363,9	325,81
Recording064	ProVisioNET_study_109_01	Male	Novice	snapshot_students	24	snapshot_students	Anna	0	0	0	0	0	0	0	0	0	0	0	0	0	0	0	0	0	0	0	0	0	0	0	0	0	0	0	0	0	0	0	0	0	0	0	0	0	0	0	0	0	0	0	0	0	0	0	0																																																	580	580	580	580	1	0	580	Anna	Anna	0				0			580	580	580	580	1	0	580	580	580	580	580	1	0	580	0				
Recording064	ProVisioNET_study_109_01	Male	Novice	snapshot_students	24	snapshot_students	Bianca	0	0	0	0	0	0	0	0	0	0	0	0	0	0	0	0	0	0	0	0	0	0	0	0	0	0	0	0	0	0	0	0	0	0	0	0	0	0	0	0	0	0	0	0	0	0	0	0																																																	0				0			Anna	Anna	0				0			0				0			0				0			0				
Recording064	ProVisioNET_study_109_01	Male	Novice	snapshot_students	24	snapshot_students	Carl(a)	0	0	0	0	0	0	0	0	0	0	0	0	0	0	0	0	0	0	0	0	0	0	0	0	0	0	0	0	0	0	0	0	0	0	0	0	0	0	0	0	0	0	0	0	0	0	0	0																																																	0				0			Anna	Anna	0				0			0				0			0				0			0				
Recording064	ProVisioNET_study_109_01	Male	Novice	snapshot_students	25	snapshot_students	Anna	0	0	0	0	0	0	0	0	0	0	0	0	0	0	0	0	0	0	0	0	0	0	0	0	0	1	0	0	0	0	0	0	0	0	0	0	0	0	0	0	0	0	0	0	0	0	0	0																										14520																							1659	553	340	899	3	0	420	Bianca	Bianca	0				0			4757	2379	420	4337	2	0	420	4757	2379	420	4337	2	0	420	0	5417	420	216,77	380,33
Recording064	ProVisioNET_study_109_01	Male	Novice	snapshot_students	25	snapshot_students	Bianca	0	0	0	0	0	0	0	0	0	0	0	0	0	0	0	0	0	0	0	0	0	0	0	0	0	1	0	0	0	0	0	0	0	0	0	0	0	0	0	0	0	0	0	0	0	0	0	0																										14520																							6536	1307	120	2978	5	480	2978	Bianca	Bianca	0				0			6656	2219	720	2978	3	480	2978	6656	2219	720	2978	3	480	2978	1	420	10554	380,33	335,22
Recording064	ProVisioNET_study_109_01	Male	Novice	snapshot_students	25	snapshot_students	Carl(a)	0	0	0	0	0	0	0	0	0	0	0	0	0	0	0	0	0	0	0	0	0	0	0	0	0	1	0	0	0	0	0	0	0	0	0	0	0	0	0	0	0	0	0	0	0	0	0	0																										14520																							879	440	400	480	2	10594	480	Bianca	Bianca	0				0			919	919	919	919	1	10594	919	919	919	919	919	1	10594	919	1	10554	11513	335,22	428,97
Recording064	ProVisioNET_study_109_01	Male	Novice	Entire Recording	1	fullstream	Anna	0	0	2	1	1	1	1	1	1	1	1	1	1	1	1	1	1	1	1	1	1	1	1	1	1	1	1	0	1	1	1	1	1	1	1	1	1	1	1	1	1	1	1	1	1	1	1	1			451161	437715	1589238	1572044	1559238	1373891	1348623	1343891	1192908	1170681	1162908	832524	812323	802524	1283199	1256715	1253007	1103510	1078167	1073510	742621	714606	712621	1521928	454188		1630268	1624834	1012260	994479	982560	1347824	1168898	810158	1255016	1076695	714606	992165	893367	625485	922025	894366	892025	651872	626370	621872	150871	887	80	4098	170	455028	260	Bianca		0				0			153849	1076	100	6956	143	455028	1179	160885	1125	120	7016	143	455008	1199	11	455008	456207	160,48	291,69
Recording064	ProVisioNET_study_109_01	Male	Novice	Entire Recording	1	fullstream	Bianca	0	0	2	1	1	1	1	1	1	1	1	1	1	1	1	1	1	1	1	1	1	1	1	1	1	1	1	0	1	1	1	1	1	1	1	1	1	1	1	1	1	1	1	1	1	1	1	1			451161	437715	1589238	1572044	1559238	1373891	1348623	1343891	1192908	1170681	1162908	832524	812323	802524	1283199	1256715	1253007	1103510	1078167	1073510	742621	714606	712621	1521928	454188		1630268	1624834	1012260	994479	982560	1347824	1168898	810158	1255016	1076695	714606	992165	893367	625485	922025	894366	892025	651872	626370	621872	237241	941	80	4357	252	456247	160	Bianca		0				0			243776	1237	100	7536	197	456247	160	253331	1286	140	7555	197	456207	200	22	456207	456407	291,69	306,15
Recording064	ProVisioNET_study_109_01	Male	Novice	Entire Recording	1	fullstream	Board_Screen	0	0	2	1	1	1	1	1	1	1	1	1	1	1	1	1	1	1	1	1	1	1	1	1	1	1	1	0	1	1	1	1	1	1	1	1	1	1	1	1	1	1	1	1	1	1	1	1			451161	437715	1589238	1572044	1559238	1373891	1348623	1343891	1192908	1170681	1162908	832524	812323	802524	1283199	1256715	1253007	1103510	1078167	1073510	742621	714606	712621	1521928	454188		1630268	1624834	1012260	994479	982560	1347824	1168898	810158	1255016	1076695	714606	992165	893367	625485	922025	894366	892025	651872	626370	621872	130024	605	80	4337	215	532583	420	Bianca		0				0			135640	1577	80	9294	86	532583	1159	138878	1615	120	9314	86	532563	1179	103	572880	738103	476,34	346,47
Recording064	ProVisioNET_study_109_01	Male	Novice	Entire Recording	1	fullstream	Carl(a)	0	0	2	1	1	1	1	1	1	1	1	1	1	1	1	1	1	1	1	1	1	1	1	1	1	1	1	0	1	1	1	1	1	1	1	1	1	1	1	1	1	1	1	1	1	1	1	1			451161	437715	1589238	1572044	1559238	1373891	1348623	1343891	1192908	1170681	1162908	832524	812323	802524	1283199	1256715	1253007	1103510	1078167	1073510	742621	714606	712621	1521928	454188		1630268	1624834	1012260	994479	982560	1347824	1168898	810158	1255016	1076695	714606	992165	893367	625485	922025	894366	892025	651872	626370	621872	98402	787	80	6816	125	454648	160	Bianca		0				0			101560	1224	140	12213	83	454648	360	105338	1269	140	12273	83	454628	380	27	454628	455008	135,88	160,48
Recording064	ProVisioNET_study_109_01	Male	Novice	Entire Recording	1	fullstream	Classroom_Others	0	0	2	1	1	1	1	1	1	1	1	1	1	1	1	1	1	1	1	1	1	1	1	1	1	1	1	0	1	1	1	1	1	1	1	1	1	1	1	1	1	1	1	1	1	1	1	1			451161	437715	1589238	1572044	1559238	1373891	1348623	1343891	1192908	1170681	1162908	832524	812323	802524	1283199	1256715	1253007	1103510	1078167	1073510	742621	714606	712621	1521928	454188		1630268	1624834	1012260	994479	982560	1347824	1168898	810158	1255016	1076695	714606	992165	893367	625485	922025	894366	892025	651872	626370	621872	130423	378	60	3718	345	454408	220	Bianca		0				0			145235	715	80	9394	203	454408	220	154709	762	80	9434	203	454388	240	101	454388	454628	103,34	135,88
Recording064	ProVisioNET_study_109_01	Male	Novice	Entire Recording	1	fullstream	Disruptive_Person	0	0	2	1	1	1	1	1	1	1	1	1	1	1	1	1	1	1	1	1	1	1	1	1	1	1	1	0	1	1	1	1	1	1	1	1	1	1	1	1	1	1	1	1	1	1	1	1			451161	437715	1589238	1572044	1559238	1373891	1348623	1343891	1192908	1170681	1162908	832524	812323	802524	1283199	1256715	1253007	1103510	1078167	1073510	742621	714606	712621	1521928	454188		1630268	1624834	1012260	994479	982560	1347824	1168898	810158	1255016	1076695	714606	992165	893367	625485	922025	894366	892025	651872	626370	621872	37058	1123	80	4098	33	621471	1279	Bianca		0				0			39976	2665	120	6576	15	621471	1279	40856	2724	180	6636	15	621411	1339	8	621411	622751	340,92	238,76
Recording064	ProVisioNET_study_109_01	Male	Novice	Entire Recording	1	fullstream	Material_Students	0	0	2	1	1	1	1	1	1	1	1	1	1	1	1	1	1	1	1	1	1	1	1	1	1	1	1	0	1	1	1	1	1	1	1	1	1	1	1	1	1	1	1	1	1	1	1	1			451161	437715	1589238	1572044	1559238	1373891	1348623	1343891	1192908	1170681	1162908	832524	812323	802524	1283199	1256715	1253007	1103510	1078167	1073510	742621	714606	712621	1521928	454188		1630268	1624834	1012260	994479	982560	1347824	1168898	810158	1255016	1076695	714606	992165	893367	625485	922025	894366	892025	651872	626370	621872	53628	589	80	6916	91	730987	320	Bianca		0				0			56187	814	80	7296	69	730987	660	58805	852	100	7336	69	730947	700	15	730947	731647	211,48	261,6
Recording064	ProVisioNET_study_109_01	Male	Novice	Entire Recording	1	fullstream	Material_Teacher	0	0	2	1	1	1	1	1	1	1	1	1	1	1	1	1	1	1	1	1	1	1	1	1	1	1	1	0	1	1	1	1	1	1	1	1	1	1	1	1	1	1	1	1	1	1	1	1			451161	437715	1589238	1572044	1559238	1373891	1348623	1343891	1192908	1170681	1162908	832524	812323	802524	1283199	1256715	1253007	1103510	1078167	1073510	742621	714606	712621	1521928	454188		1630268	1624834	1012260	994479	982560	1347824	1168898	810158	1255016	1076695	714606	992165	893367	625485	922025	894366	892025	651872	626370	621872	90087	738	100	6436	122	460965	240	Bianca		0				0			99082	2831	140	18469	35	460965	240	100341	2867	140	18489	35	460965	240	74	578976	583753	410,32	224,74
Recording064	ProVisioNET_study_109_01	Male	Novice	Entire Recording	1	fullstream	Nametag_Anna	0	0	2	1	1	1	1	1	1	1	1	1	1	1	1	1	1	1	1	1	1	1	1	1	1	1	1	0	1	1	1	1	1	1	1	1	1	1	1	1	1	1	1	1	1	1	1	1			451161	437715	1589238	1572044	1559238	1373891	1348623	1343891	1192908	1170681	1162908	832524	812323	802524	1283199	1256715	1253007	1103510	1078167	1073510	742621	714606	712621	1521928	454188		1630268	1624834	1012260	994479	982560	1347824	1168898	810158	1255016	1076695	714606	992165	893367	625485	922025	894366	892025	651872	626370	621872	4637	386	120	1179	12	624809	240	Bianca		0				0			4637	386	120	1179	12	624809	240	5037	420	160	1199	12	624769	280	0	624769	837705	240,97	251,1
Recording064	ProVisioNET_study_109_01	Male	Novice	Entire Recording	1	fullstream	Nametag_Bianca	0	0	2	1	1	1	1	1	1	1	1	1	1	1	1	1	1	1	1	1	1	1	1	1	1	1	1	0	1	1	1	1	1	1	1	1	1	1	1	1	1	1	1	1	1	1	1	1			451161	437715	1589238	1572044	1559238	1373891	1348623	1343891	1192908	1170681	1162908	832524	812323	802524	1283199	1256715	1253007	1103510	1078167	1073510	742621	714606	712621	1521928	454188		1630268	1624834	1012260	994479	982560	1347824	1168898	810158	1255016	1076695	714606	992165	893367	625485	922025	894366	892025	651872	626370	621872	2878	221	140	340	13	469520	140	Bianca		0				0			2878	221	140	340	13	469520	140	3498	269	180	420	13	469480	180	0	469480	512835	157,07	421,37
Recording065	ProVisioNET_study_110_02	Female	Novice	Chatting_with_neighbour	1	fullstream	Anna	0	0	0	0	0	0	0	0	0	1	0	0	0	0	0	0	0	0	0	0	0	0	0	0	0	0	0	0	0	0	0	0	0	1	0	0	0	0	0	0	0	0	0	0	0	0	0	0										0																								5716															760	760	760	760	1	2578	760	Carl(a),Disruptive_Person	Carl(a),Disruptive_Person	0				0			760	760	760	760	1	2578	760	760	760	760	760	1	2578	760	0				
Recording065	ProVisioNET_study_110_02	Female	Novice	Chatting_with_neighbour	1	fullstream	Bianca	0	0	0	0	0	0	0	0	0	1	0	0	0	0	0	0	0	0	0	0	0	0	0	0	0	0	0	0	0	0	0	0	0	1	0	0	0	0	0	0	0	0	0	0	0	0	0	0										0																								5716															819	273	180	320	3	2158	320	Carl(a),Disruptive_Person	Carl(a),Disruptive_Person	0				0			819	273	180	320	3	2158	320	959	320	240	360	3	2118	360	0	2118	2478	278,03	401,62
Recording065	ProVisioNET_study_110_02	Female	Novice	Chatting_with_neighbour	1	fullstream	Carl(a)	0	0	0	0	0	0	0	0	0	1	0	0	0	0	0	0	0	0	0	0	0	0	0	0	0	0	0	0	0	0	0	0	0	1	0	0	0	0	0	0	0	0	0	0	0	0	0	0										0																								5716															4413	1103	559	1575	4	0	559	Carl(a),Disruptive_Person	Carl(a),Disruptive_Person	0				0			4413	1103	559	1575	4	0	559	4533	1133	559	1615	4	0	559	0	879	559	306,68	233,2
Recording065	ProVisioNET_study_110_02	Female	Novice	Chatting_with_neighbour	1	fullstream	Disruptive_Person	0	0	0	0	0	0	0	0	0	1	0	0	0	0	0	0	0	0	0	0	0	0	0	0	0	0	0	0	0	0	0	0	0	1	0	0	0	0	0	0	0	0	0	0	0	0	0	0										0																								5716															4413	1103	559	1575	4	0	559	Carl(a),Disruptive_Person	Carl(a),Disruptive_Person	0				0			4413	1103	559	1575	4	0	559	4533	1133	559	1615	4	0	559	0	879	559	306,68	233,2
Recording065	ProVisioNET_study_110_02	Female	Novice	Chatting_with_neighbour	1	fullstream	Nametag_Carl(a)	0	0	0	0	0	0	0	0	0	1	0	0	0	0	0	0	0	0	0	0	0	0	0	0	0	0	0	0	0	0	0	0	0	1	0	0	0	0	0	0	0	0	0	0	0	0	0	0										0																								5716															280	280	280	280	1	599	280	Carl(a),Disruptive_Person	Carl(a),Disruptive_Person	0				0			280	280	280	280	1	599	280	320	320	320	320	1	559	320	0	559	879	233,2	306,68
Recording065	ProVisioNET_study_110_02	Female	Novice	Chatting_with_neighbour_fix	1	fullstream	Anna	0	0	0	0	0	0	0	0	1	1	0	0	0	0	0	0	0	0	0	0	0	0	0	0	0	0	0	0	0	0	0	0	0	1	0	0	0	0	0	0	0	0	0	0	0	0	0	0									6891	0																								5716															760	760	760	760	1	2578	760	Board_Screen		0				0			760	760	760	760	1	2578	760	760	760	760	760	1	2578	760	0				
Recording065	ProVisioNET_study_110_02	Female	Novice	Chatting_with_neighbour_fix	1	fullstream	Bianca	0	0	0	0	0	0	0	0	1	1	0	0	0	0	0	0	0	0	0	0	0	0	0	0	0	0	0	0	0	0	0	0	0	1	0	0	0	0	0	0	0	0	0	0	0	0	0	0									6891	0																								5716															1439	288	180	360	5	2158	320	Board_Screen		0				0			1439	288	180	360	5	2158	320	1699	340	240	420	5	2118	360	0	2118	2478	278,03	401,62
Recording065	ProVisioNET_study_110_02	Female	Novice	Chatting_with_neighbour_fix	1	fullstream	Board_Screen	0	0	0	0	0	0	0	0	1	1	0	0	0	0	0	0	0	0	0	0	0	0	0	0	0	0	0	0	0	0	0	0	0	1	0	0	0	0	0	0	0	0	0	0	0	0	0	0									6891	0																								5716															2119	212	120	420	10	12812	360	Board_Screen		0				0			4975	1658	1059	2199	3	12812	1059	5075	1692	1099	2259	3	12772	1099	5				
Recording065	ProVisioNET_study_110_02	Female	Novice	Chatting_with_neighbour_fix	1	fullstream	Carl(a)	0	0	0	0	0	0	0	0	1	1	0	0	0	0	0	0	0	0	0	0	0	0	0	0	0	0	0	0	0	0	0	0	0	1	0	0	0	0	0	0	0	0	0	0	0	0	0	0									6891	0																								5716															19208	1601	80	6176	12	0	559	Board_Screen		0				0			19248	1925	80	6176	10	0	559	19668	1967	140	6236	10	0	559	2	879	559	306,68	233,2
Recording065	ProVisioNET_study_110_02	Female	Novice	Chatting_with_neighbour_fix	1	fullstream	Classroom_Others	0	0	0	0	0	0	0	0	1	1	0	0	0	0	0	0	0	0	0	0	0	0	0	0	0	0	0	0	0	0	0	0	0	1	0	0	0	0	0	0	0	0	0	0	0	0	0	0									6891	0																								5716															80	80	80	80	1	23086	80	Board_Screen		0				0			80	80	80	80	1	23086	80	80	80	80	80	1	23086	80	0				
Recording065	ProVisioNET_study_110_02	Female	Novice	Chatting_with_neighbour_fix	1	fullstream	Disruptive_Person	0	0	0	0	0	0	0	0	1	1	0	0	0	0	0	0	0	0	0	0	0	0	0	0	0	0	0	0	0	0	0	0	0	1	0	0	0	0	0	0	0	0	0	0	0	0	0	0									6891	0																								5716															4457	1114	559	1619	4	0	559	Board_Screen		0				0			4457	1114	559	1619	4	0	559	4577	1144	559	1659	4	0	559	0	879	559	306,68	233,2
Recording065	ProVisioNET_study_110_02	Female	Novice	Chatting_with_neighbour_fix	1	fullstream	Material_Teacher	0	0	0	0	0	0	0	0	1	1	0	0	0	0	0	0	0	0	0	0	0	0	0	0	0	0	0	0	0	0	0	0	0	1	0	0	0	0	0	0	0	0	0	0	0	0	0	0									6891	0																								5716															480	480	480	480	1	26084	480	Board_Screen		0				0			480	480	480	480	1	26084	480	520	520	520	520	1	26044	520	0	26044	26564	282,81	304,4
Recording065	ProVisioNET_study_110_02	Female	Novice	Chatting_with_neighbour_fix	1	fullstream	Nametag_Carl(a)	0	0	0	0	0	0	0	0	1	1	0	0	0	0	0	0	0	0	0	0	0	0	0	0	0	0	0	0	0	0	0	0	0	1	0	0	0	0	0	0	0	0	0	0	0	0	0	0									6891	0																								5716															440	220	160	280	2	599	280	Board_Screen		0				0			440	220	160	280	2	599	280	540	270	220	320	2	559	320	0	559	879	233,2	306,68
Recording065	ProVisioNET_study_110_02	Female	Novice	Clicking_pen	1	fullstream	Anna	0	0	0	0	0	0	0	0	0	0	0	0	1	0	0	0	0	0	0	0	0	0	0	0	0	0	0	0	0	0	0	0	0	0	1	0	0	0	0	0	0	0	0	0	0	0	0	0													0																						4479														3583	896	85	2219	4	3065	680	Anna,Disruptive_Person	Anna,Disruptive_Person	0				0			3743	1871	680	3063	2	3065	680	3783	1891	700	3083	2	3045	700	1	3045	3745	188,82	253,36
Recording065	ProVisioNET_study_110_02	Female	Novice	Clicking_pen	1	fullstream	Bianca	0	0	0	0	0	0	0	0	0	0	0	0	1	0	0	0	0	0	0	0	0	0	0	0	0	0	0	0	0	0	0	0	0	0	1	0	0	0	0	0	0	0	0	0	0	0	0	0													0																						4479														0				0			Anna,Disruptive_Person	Anna,Disruptive_Person	0				0			0				0			0				0			0				
Recording065	ProVisioNET_study_110_02	Female	Novice	Clicking_pen	1	fullstream	Board_Screen	0	0	0	0	0	0	0	0	0	0	0	0	1	0	0	0	0	0	0	0	0	0	0	0	0	0	0	0	0	0	0	0	0	0	1	0	0	0	0	0	0	0	0	0	0	0	0	0													0																						4479														2219	1109	160	2059	2	7	160	Anna,Disruptive_Person	Anna,Disruptive_Person	0				0			2245	2245	2245	2245	1	0	2245	2245	2245	2245	2245	1	0	2245	1				
Recording065	ProVisioNET_study_110_02	Female	Novice	Clicking_pen	1	fullstream	Carl(a)	0	0	0	0	0	0	0	0	0	0	0	0	1	0	0	0	0	0	0	0	0	0	0	0	0	0	0	0	0	0	0	0	0	0	1	0	0	0	0	0	0	0	0	0	0	0	0	0													0																						4479														0				0			Anna,Disruptive_Person	Anna,Disruptive_Person	0				0			0				0			0				0			0				
Recording065	ProVisioNET_study_110_02	Female	Novice	Clicking_pen	1	fullstream	Classroom_Others	0	0	0	0	0	0	0	0	0	0	0	0	1	0	0	0	0	0	0	0	0	0	0	0	0	0	0	0	0	0	0	0	0	0	1	0	0	0	0	0	0	0	0	0	0	0	0	0													0																						4479														280	280	280	280	1	2765	280	Anna,Disruptive_Person	Anna,Disruptive_Person	0				0			280	280	280	280	1	2765	280	340	340	340	340	1	2705	340	0		3045		188,82
Recording065	ProVisioNET_study_110_02	Female	Novice	Clicking_pen	1	fullstream	Disruptive_Person	0	0	0	0	0	0	0	0	0	0	0	0	1	0	0	0	0	0	0	0	0	0	0	0	0	0	0	0	0	0	0	0	0	0	1	0	0	0	0	0	0	0	0	0	0	0	0	0													0																						4479														3863	773	85	2219	5	2765	280	Anna,Disruptive_Person	Anna,Disruptive_Person	0				0			4043	2021	979	3063	2	2765	979	4123	2061	1039	3083	2	2705	1039	2	3924	3745	286,59	253,36
Recording065	ProVisioNET_study_110_02	Female	Novice	Clicking_pen	1	fullstream	Nametag_Anna	0	0	0	0	0	0	0	0	0	0	0	0	1	0	0	0	0	0	0	0	0	0	0	0	0	0	0	0	0	0	0	0	0	0	1	0	0	0	0	0	0	0	0	0	0	0	0	0													0																						4479														160	160	160	160	1	3765	160	Anna,Disruptive_Person	Anna,Disruptive_Person	0				0			160	160	160	160	1	3765	160	180	180	180	180	1	3745	180	0	3745	3924	253,36	286,59
Recording065	ProVisioNET_study_110_02	Female	Novice	Clicking_pen_fix	1	fullstream	Anna	0	0	0	0	0	0	0	0	0	0	0	1	1	0	0	0	0	0	0	0	0	0	0	0	0	0	0	0	0	0	0	0	0	0	1	0	0	0	0	0	0	0	0	0	0	0	0	0												7008	0																						4479														8314	640	260	2219	13	3065	680	Anna	Anna	0				0			8534	1067	280	3358	8	3065	680	8714	1089	280	3378	8	3045	700	4	3045	3745	188,82	253,36
Recording065	ProVisioNET_study_110_02	Female	Novice	Clicking_pen_fix	1	fullstream	Bianca	0	0	0	0	0	0	0	0	0	0	0	1	1	0	0	0	0	0	0	0	0	0	0	0	0	0	0	0	0	0	0	0	0	0	1	0	0	0	0	0	0	0	0	0	0	0	0	0												7008	0																						4479														720	360	180	540	2	26831	540	Anna	Anna	0				0			720	360	180	540	2	26831	540	800	400	220	580	2	26791	580	0	26791	29869	306,38	352,84
Recording065	ProVisioNET_study_110_02	Female	Novice	Clicking_pen_fix	1	fullstream	Board_Screen	0	0	0	0	0	0	0	0	0	0	0	1	1	0	0	0	0	0	0	0	0	0	0	0	0	0	0	0	0	0	0	0	0	0	1	0	0	0	0	0	0	0	0	0	0	0	0	0												7008	0																						4479														14012	452	80	2059	31	7	160	Anna	Anna	0				0			14958	2493	859	5597	6	0	2245	15198	2533	879	5677	6	0	2245	23				
Recording065	ProVisioNET_study_110_02	Female	Novice	Clicking_pen_fix	1	fullstream	Carl(a)	0	0	0	0	0	0	0	0	0	0	0	1	1	0	0	0	0	0	0	0	0	0	0	0	0	0	0	0	0	0	0	0	0	0	1	0	0	0	0	0	0	0	0	0	0	0	0	0												7008	0																						4479														0				0			Anna	Anna	0				0			0				0			0				0			0				
Recording065	ProVisioNET_study_110_02	Female	Novice	Clicking_pen_fix	1	fullstream	Classroom_Others	0	0	0	0	0	0	0	0	0	0	0	1	1	0	0	0	0	0	0	0	0	0	0	0	0	0	0	0	0	0	0	0	0	0	1	0	0	0	0	0	0	0	0	0	0	0	0	0												7008	0																						4479														580	193	80	280	3	2765	280	Anna	Anna	0				0			580	193	80	280	3	2765	280	680	227	80	340	3	2705	340	0		3045		188,82
Recording065	ProVisioNET_study_110_02	Female	Novice	Clicking_pen_fix	1	fullstream	Disruptive_Person	0	0	0	0	0	0	0	0	0	0	0	1	1	0	0	0	0	0	0	0	0	0	0	0	0	0	0	0	0	0	0	0	0	0	1	0	0	0	0	0	0	0	0	0	0	0	0	0												7008	0																						4479														4158	832	280	2219	5	2765	280	Anna	Anna	0				0			4337	2169	979	3358	2	2765	979	4417	2209	1039	3378	2	2705	1039	2	3924	3745	286,59	253,36
Recording065	ProVisioNET_study_110_02	Female	Novice	Clicking_pen_fix	1	fullstream	Nametag_Anna	0	0	0	0	0	0	0	0	0	0	0	1	1	0	0	0	0	0	0	0	0	0	0	0	0	0	0	0	0	0	0	0	0	0	1	0	0	0	0	0	0	0	0	0	0	0	0	0												7008	0																						4479														340	170	160	180	2	3765	160	Anna	Anna	0				0			340	170	160	180	2	3765	160	420	210	180	240	2	3745	180	0	3745	3924	253,36	286,59
Recording065	ProVisioNET_study_110_02	Female	Novice	Drawing	1	fullstream	Anna	0	0	0	0	0	0	0	0	0	0	0	0	0	0	0	1	0	0	0	0	0	0	0	0	0	0	0	0	0	0	0	0	0	0	0	1	0	0	0	0	0	0	0	0	0	0	0	0																0																				19088													3558	712	140	1839	5	191	180	Carl(a)	Carl(a)	0				0			3578	894	300	1839	4	191	340	3738	934	320	1899	4	151	380	1		531		336,29
Recording065	ProVisioNET_study_110_02	Female	Novice	Drawing	1	fullstream	Bianca	0	0	0	0	0	0	0	0	0	0	0	0	0	0	0	1	0	0	0	0	0	0	0	0	0	0	0	0	0	0	0	0	0	0	0	1	0	0	0	0	0	0	0	0	0	0	0	0																0																				19088													979	490	320	660	2	14282	660	Carl(a)	Carl(a)	0				0			979	490	320	660	2	14282	660	1079	540	360	720	2	14222	720	0	14222	14942	333,3	401,85
Recording065	ProVisioNET_study_110_02	Female	Novice	Drawing	1	fullstream	Board_Screen	0	0	0	0	0	0	0	0	0	0	0	0	0	0	0	1	0	0	0	0	0	0	0	0	0	0	0	0	0	0	0	0	0	0	0	1	0	0	0	0	0	0	0	0	0	0	0	0																0																				19088													3398	378	100	760	9	1330	200	Carl(a)	Carl(a)	0				0			3578	894	120	1779	4	1330	919	3778	944	120	1839	4	1230	1019	5		6447		305,91
Recording065	ProVisioNET_study_110_02	Female	Novice	Drawing	1	fullstream	Carl(a)	0	0	0	0	0	0	0	0	0	0	0	0	0	0	0	1	0	0	0	0	0	0	0	0	0	0	0	0	0	0	0	0	0	0	0	1	0	0	0	0	0	0	0	0	0	0	0	0																0																				19088													1797	599	340	800	3	17780	340	Carl(a)	Carl(a)	0				0			1817	909	340	1477	2	17780	340	1937	968	380	1557	2	17740	380	1	17740	18120	282,87	176,82
Recording065	ProVisioNET_study_110_02	Female	Novice	Drawing	1	fullstream	Classroom_Others	0	0	0	0	0	0	0	0	0	0	0	0	0	0	0	1	0	0	0	0	0	0	0	0	0	0	0	0	0	0	0	0	0	0	0	1	0	0	0	0	0	0	0	0	0	0	0	0																0																				19088													2339	780	80	2179	3	14982	80	Carl(a)	Carl(a)	0				0			2399	2399	2399	2399	1	14982	2399	2439	2439	2439	2439	1	14942	2439	2	14942	17381	401,85	203,78
Recording065	ProVisioNET_study_110_02	Female	Novice	Drawing	1	fullstream	Disruptive_Person	0	0	0	0	0	0	0	0	0	0	0	0	0	0	0	1	0	0	0	0	0	0	0	0	0	0	0	0	0	0	0	0	0	0	0	1	0	0	0	0	0	0	0	0	0	0	0	0																0																				19088													9414	1569	80	5936	6	14982	80	Carl(a)	Carl(a)	0				0			9594	4797	2399	7196	2	14982	2399	9674	4837	2439	7236	2	14942	2439	4	14942	17381	401,85	203,78
Recording065	ProVisioNET_study_110_02	Female	Novice	Drawing	1	fullstream	Material_Students	0	0	0	0	0	0	0	0	0	0	0	0	0	0	0	1	0	0	0	0	0	0	0	0	0	0	0	0	0	0	0	0	0	0	0	1	0	0	0	0	0	0	0	0	0	0	0	0																0																				19088													5936	5936	5936	5936	1	18160	5936	Carl(a)	Carl(a)	0				0			5936	5936	5936	5936	1	18160	5936	5976	5976	5976	5976	1	18120	5976	0	18120	24097	176,82	436,58
Recording065	ProVisioNET_study_110_02	Female	Novice	Drawing	1	fullstream	Material_Teacher	0	0	0	0	0	0	0	0	0	0	0	0	0	0	0	1	0	0	0	0	0	0	0	0	0	0	0	0	0	0	0	0	0	0	0	1	0	0	0	0	0	0	0	0	0	0	0	0																0																				19088													4577	915	420	2698	5	7127	420	Carl(a)	Carl(a)	0				0			4797	4797	4797	4797	1	7127	4797	4837	4837	4837	4837	1	7087	4837	4				
Recording065	ProVisioNET_study_110_02	Female	Novice	Drawing	1	fullstream	Nametag_Anna	0	0	0	0	0	0	0	0	0	0	0	0	0	0	0	1	0	0	0	0	0	0	0	0	0	0	0	0	0	0	0	0	0	0	0	1	0	0	0	0	0	0	0	0	0	0	0	0																0																				19088													200	200	200	200	1	551	200	Carl(a)	Carl(a)	0				0			200	200	200	200	1	551	200	220	220	220	220	1	531	220	0	531		336,29	
Recording065	ProVisioNET_study_110_02	Female	Novice	Drawing_fix	1	fullstream	Anna	0	0	0	0	0	0	0	0	0	0	0	0	0	0	1	1	0	0	0	0	0	0	0	0	0	0	0	0	0	0	0	0	0	0	0	1	0	0	0	0	0	0	0	0	0	0	0	0															25654	0																				19088													3558	712	140	1839	5	191	180	Board_Screen		0				0			3578	894	300	1839	4	191	340	3738	934	320	1899	4	151	380	1		531		336,29
Recording065	ProVisioNET_study_110_02	Female	Novice	Drawing_fix	1	fullstream	Bianca	0	0	0	0	0	0	0	0	0	0	0	0	0	0	1	1	0	0	0	0	0	0	0	0	0	0	0	0	0	0	0	0	0	0	0	1	0	0	0	0	0	0	0	0	0	0	0	0															25654	0																				19088													979	490	320	660	2	14282	660	Board_Screen		0				0			979	490	320	660	2	14282	660	1079	540	360	720	2	14222	720	0	14222	14942	333,3	401,85
Recording065	ProVisioNET_study_110_02	Female	Novice	Drawing_fix	1	fullstream	Board_Screen	0	0	0	0	0	0	0	0	0	0	0	0	0	0	1	1	0	0	0	0	0	0	0	0	0	0	0	0	0	0	0	0	0	0	0	1	0	0	0	0	0	0	0	0	0	0	0	0															25654	0																				19088													4497	321	100	760	14	1330	200	Board_Screen		0				0			4797	800	120	1779	6	1330	919	5037	840	120	1839	6	1230	1019	7		6447		305,91
Recording065	ProVisioNET_study_110_02	Female	Novice	Drawing_fix	1	fullstream	Carl(a)	0	0	0	0	0	0	0	0	0	0	0	0	0	0	1	1	0	0	0	0	0	0	0	0	0	0	0	0	0	0	0	0	0	0	0	1	0	0	0	0	0	0	0	0	0	0	0	0															25654	0																				19088													2698	450	180	800	6	17780	340	Board_Screen		0				0			2778	1389	340	2439	2	17780	340	2898	1449	380	2519	2	17740	380	4	17740	18120	282,87	176,82
Recording065	ProVisioNET_study_110_02	Female	Novice	Drawing_fix	1	fullstream	Classroom_Others	0	0	0	0	0	0	0	0	0	0	0	0	0	0	1	1	0	0	0	0	0	0	0	0	0	0	0	0	0	0	0	0	0	0	0	1	0	0	0	0	0	0	0	0	0	0	0	0															25654	0																				19088													2918	584	80	2179	5	14982	80	Board_Screen		0				0			2978	993	200	2399	3	14982	2399	3198	1066	280	2439	3	14942	2439	2	14942	17381	401,85	203,78
Recording065	ProVisioNET_study_110_02	Female	Novice	Drawing_fix	1	fullstream	Disruptive_Person	0	0	0	0	0	0	0	0	0	0	0	0	0	0	1	1	0	0	0	0	0	0	0	0	0	0	0	0	0	0	0	0	0	0	0	1	0	0	0	0	0	0	0	0	0	0	0	0															25654	0																				19088													9414	1569	80	5936	6	14982	80	Board_Screen		0				0			9594	4797	2399	7196	2	14982	2399	9674	4837	2439	7236	2	14942	2439	4	14942	17381	401,85	203,78
Recording065	ProVisioNET_study_110_02	Female	Novice	Drawing_fix	1	fullstream	Material_Students	0	0	0	0	0	0	0	0	0	0	0	0	0	0	1	1	0	0	0	0	0	0	0	0	0	0	0	0	0	0	0	0	0	0	0	1	0	0	0	0	0	0	0	0	0	0	0	0															25654	0																				19088													5936	5936	5936	5936	1	18160	5936	Board_Screen		0				0			5936	5936	5936	5936	1	18160	5936	5976	5976	5976	5976	1	18120	5976	0	18120	24097	176,82	436,58
Recording065	ProVisioNET_study_110_02	Female	Novice	Drawing_fix	1	fullstream	Material_Teacher	0	0	0	0	0	0	0	0	0	0	0	0	0	0	1	1	0	0	0	0	0	0	0	0	0	0	0	0	0	0	0	0	0	0	0	1	0	0	0	0	0	0	0	0	0	0	0	0															25654	0																				19088													4577	915	420	2698	5	7127	420	Board_Screen		0				0			4797	4797	4797	4797	1	7127	4797	4837	4837	4837	4837	1	7087	4837	4				
Recording065	ProVisioNET_study_110_02	Female	Novice	Drawing_fix	1	fullstream	Nametag_Anna	0	0	0	0	0	0	0	0	0	0	0	0	0	0	1	1	0	0	0	0	0	0	0	0	0	0	0	0	0	0	0	0	0	0	0	1	0	0	0	0	0	0	0	0	0	0	0	0															25654	0																				19088													200	200	200	200	1	551	200	Board_Screen		0				0			200	200	200	200	1	551	200	220	220	220	220	1	531	220	0	531		336,29	
Recording065	ProVisioNET_study_110_02	Female	Novice	Drumming_with_hands	1	fullstream	Anna	0	0	0	0	0	0	0	0	0	0	0	0	0	0	0	0	0	0	1	0	0	0	0	0	0	0	0	0	0	0	0	0	0	0	0	0	1	0	0	0	0	0	0	0	0	0	0	0																			0																		8318												1838	919	340	1498	2	7181	340	Anna,Disruptive_Person	Anna,Disruptive_Person	0				0			1838	919	340	1498	2	7181	340	1958	979	420	1538	2	7101	420	0	7101	7521	363,54	149,09
Recording065	ProVisioNET_study_110_02	Female	Novice	Drumming_with_hands	1	fullstream	Bianca	0	0	0	0	0	0	0	0	0	0	0	0	0	0	0	0	0	0	1	0	0	0	0	0	0	0	0	0	0	0	0	0	0	0	0	0	1	0	0	0	0	0	0	0	0	0	0	0																			0																		8318												0				0			Anna,Disruptive_Person	Anna,Disruptive_Person	0				0			0				0			0				0			0				
Recording065	ProVisioNET_study_110_02	Female	Novice	Drumming_with_hands	1	fullstream	Carl(a)	0	0	0	0	0	0	0	0	0	0	0	0	0	0	0	0	0	0	1	0	0	0	0	0	0	0	0	0	0	0	0	0	0	0	0	0	1	0	0	0	0	0	0	0	0	0	0	0																			0																		8318												7101	7101	7101	7101	1	0	7101	Anna,Disruptive_Person	Anna,Disruptive_Person	0				0			7101	7101	7101	7101	1	0	7101	7101	7101	7101	7101	1	0	7101	0		7101		363,54
Recording065	ProVisioNET_study_110_02	Female	Novice	Drumming_with_hands	1	fullstream	Disruptive_Person	0	0	0	0	0	0	0	0	0	0	0	0	0	0	0	0	0	0	1	0	0	0	0	0	0	0	0	0	0	0	0	0	0	0	0	0	1	0	0	0	0	0	0	0	0	0	0	0																			0																		8318												1838	919	340	1498	2	7181	340	Anna,Disruptive_Person	Anna,Disruptive_Person	0				0			1838	919	340	1498	2	7181	340	1958	979	420	1538	2	7101	420	0	7101	7521	363,54	149,09
Recording065	ProVisioNET_study_110_02	Female	Novice	Drumming_with_hands	1	fullstream	Nametag_Anna	0	0	0	0	0	0	0	0	0	0	0	0	0	0	0	0	0	0	1	0	0	0	0	0	0	0	0	0	0	0	0	0	0	0	0	0	1	0	0	0	0	0	0	0	0	0	0	0																			0																		8318												300	300	300	300	1	7541	300	Anna,Disruptive_Person	Anna,Disruptive_Person	0				0			300	300	300	300	1	7541	300	320	320	320	320	1	7521	320	0	7521	7841	149,09	238,33
Recording065	ProVisioNET_study_110_02	Female	Novice	Drumming_with_hands_fix	1	fullstream	Anna	0	0	0	0	0	0	0	0	0	0	0	0	0	0	0	0	0	1	1	0	0	0	0	0	0	0	0	0	0	0	0	0	0	0	0	0	1	0	0	0	0	0	0	0	0	0	0	0																		9379	0																		8318												11693	1949	240	4837	6	7181	340	Board_Screen		0				0			11693	1949	240	4837	6	7181	340	11953	1992	260	4877	6	7101	420	0	7101	7521	363,54	149,09
Recording065	ProVisioNET_study_110_02	Female	Novice	Drumming_with_hands_fix	1	fullstream	Bianca	0	0	0	0	0	0	0	0	0	0	0	0	0	0	0	0	0	1	1	0	0	0	0	0	0	0	0	0	0	0	0	0	0	0	0	0	1	0	0	0	0	0	0	0	0	0	0	0																		9379	0																		8318												520	260	240	280	2	17875	240	Board_Screen		0				0			520	260	240	280	2	17875	240	600	300	280	320	2	17835	280	0	17835	18114	251,92	282,19
Recording065	ProVisioNET_study_110_02	Female	Novice	Drumming_with_hands_fix	1	fullstream	Board_Screen	0	0	0	0	0	0	0	0	0	0	0	0	0	0	0	0	0	1	1	0	0	0	0	0	0	0	0	0	0	0	0	0	0	0	0	0	1	0	0	0	0	0	0	0	0	0	0	0																		9379	0																		8318												3538	208	100	640	17	12178	100	Board_Screen		0				0			4510	1503	580	2239	3	12178	580	4610	1537	580	2279	3	12178	580	11				
Recording065	ProVisioNET_study_110_02	Female	Novice	Drumming_with_hands_fix	1	fullstream	Carl(a)	0	0	0	0	0	0	0	0	0	0	0	0	0	0	0	0	0	1	1	0	0	0	0	0	0	0	0	0	0	0	0	0	0	0	0	0	1	0	0	0	0	0	0	0	0	0	0	0																		9379	0																		8318												7821	1955	140	7101	4	0	7101	Board_Screen		0				0			7841	2614	280	7101	3	0	7101	7941	2647	360	7101	3	0	7101	1	26889	7101	389,96	363,54
Recording065	ProVisioNET_study_110_02	Female	Novice	Drumming_with_hands_fix	1	fullstream	Classroom_Others	0	0	0	0	0	0	0	0	0	0	0	0	0	0	0	0	0	1	1	0	0	0	0	0	0	0	0	0	0	0	0	0	0	0	0	0	1	0	0	0	0	0	0	0	0	0	0	0																		9379	0																		8318												380	190	160	220	2	23691	160	Board_Screen		0				0			380	190	160	220	2	23691	160	440	220	200	240	2	23651	200	0	23651	23851	201,83	117,96
Recording065	ProVisioNET_study_110_02	Female	Novice	Drumming_with_hands_fix	1	fullstream	Disruptive_Person	0	0	0	0	0	0	0	0	0	0	0	0	0	0	0	0	0	1	1	0	0	0	0	0	0	0	0	0	0	0	0	0	0	0	0	0	1	0	0	0	0	0	0	0	0	0	0	0																		9379	0																		8318												4477	2239	340	4138	2	7181	340	Board_Screen		0				0			4477	2239	340	4138	2	7181	340	4597	2299	420	4178	2	7101	420	0	7101	7521	363,54	149,09
Recording065	ProVisioNET_study_110_02	Female	Novice	Drumming_with_hands_fix	1	fullstream	Material_Teacher	0	0	0	0	0	0	0	0	0	0	0	0	0	0	0	0	0	1	1	0	0	0	0	0	0	0	0	0	0	0	0	0	0	0	0	0	1	0	0	0	0	0	0	0	0	0	0	0																		9379	0																		8318												2099	420	160	840	5	18194	560	Board_Screen		0				0			2279	2279	2279	2279	1	18194	2279	2359	2359	2359	2359	1	18114	2359	4	18114		282,19	
Recording065	ProVisioNET_study_110_02	Female	Novice	Drumming_with_hands_fix	1	fullstream	Nametag_Anna	0	0	0	0	0	0	0	0	0	0	0	0	0	0	0	0	0	1	1	0	0	0	0	0	0	0	0	0	0	0	0	0	0	0	0	0	1	0	0	0	0	0	0	0	0	0	0	0																		9379	0																		8318												300	300	300	300	1	7541	300	Board_Screen		0				0			300	300	300	300	1	7541	300	320	320	320	320	1	7521	320	0	7521	7841	149,09	238,33
Recording065	ProVisioNET_study_110_02	Female	Novice	Drumming_with_hands_fix	1	fullstream	Nametag_Bianca	0	0	0	0	0	0	0	0	0	0	0	0	0	0	0	0	0	1	1	0	0	0	0	0	0	0	0	0	0	0	0	0	0	0	0	0	1	0	0	0	0	0	0	0	0	0	0	0																		9379	0																		8318												260	260	260	260	1	23391	260	Board_Screen		0				0			260	260	260	260	1	23391	260	400	400	400	400	1	23251	400	0		23651		201,83
Recording065	ProVisioNET_study_110_02	Female	Novice	Head_on_table	1	fullstream	Anna	0	0	0	0	0	0	0	0	0	0	0	0	0	0	0	0	0	0	0	0	0	1	0	0	0	0	0	0	0	0	0	0	0	0	0	0	0	0	0	0	0	0	0	0	0	0	0	0																						0																											4917	820	80	1859	6	1837	1859	Anna	Anna	0				0			4917	820	80	1859	6	1837	1859	5157	859	140	1899	6	1797	1899	0	1797	14389	282,72	135,78
Recording065	ProVisioNET_study_110_02	Female	Novice	Head_on_table	1	fullstream	Bianca	0	0	0	0	0	0	0	0	0	0	0	0	0	0	0	0	0	0	0	0	0	1	0	0	0	0	0	0	0	0	0	0	0	0	0	0	0	0	0	0	0	0	0	0	0	0	0	0																						0																											2176	725	320	1397	3	0	1397	Anna	Anna	0				0			2176	725	320	1397	3	0	1397	2256	752	360	1397	3	0	1397	0	29340	1397	223,92	194,37
Recording065	ProVisioNET_study_110_02	Female	Novice	Head_on_table	1	fullstream	Board_Screen	0	0	0	0	0	0	0	0	0	0	0	0	0	0	0	0	0	0	0	0	0	1	0	0	0	0	0	0	0	0	0	0	0	0	0	0	0	0	0	0	0	0	0	0	0	0	0	0																						0																											11973	374	80	999	32	3875	500	Anna	Anna	0				0			13132	2189	440	3738	6	3875	1599	13352	2225	520	3778	6	3835	1639	21	5494		173	
Recording065	ProVisioNET_study_110_02	Female	Novice	Head_on_table	1	fullstream	Carl(a)	0	0	0	0	0	0	0	0	0	0	0	0	0	0	0	0	0	0	0	0	0	1	0	0	0	0	0	0	0	0	0	0	0	0	0	0	0	0	0	0	0	0	0	0	0	0	0	0																						0																											0				0			Anna	Anna	0				0			0				0			0				0			0				
Recording065	ProVisioNET_study_110_02	Female	Novice	Head_on_table	1	fullstream	Classroom_Others	0	0	0	0	0	0	0	0	0	0	0	0	0	0	0	0	0	0	0	0	0	1	0	0	0	0	0	0	0	0	0	0	0	0	0	0	0	0	0	0	0	0	0	0	0	0	0	0																						0																											5517	1839	300	4637	3	14649	300	Anna	Anna	0				0			5577	2788	300	5277	2	14649	300	5797	2898	460	5337	2	14489	460	1	14489	14949	320,88	129,93
Recording065	ProVisioNET_study_110_02	Female	Novice	Head_on_table	1	fullstream	Disruptive_Person	0	0	0	0	0	0	0	0	0	0	0	0	0	0	0	0	0	0	0	0	0	1	0	0	0	0	0	0	0	0	0	0	0	0	0	0	0	0	0	0	0	0	0	0	0	0	0	0																						0																											3016	503	100	1397	6	0	1397	Anna	Anna	0				0			3116	1039	580	1537	3	0	1537	3216	1072	640	1537	3	0	1537	3		1537		264,43
Recording065	ProVisioNET_study_110_02	Female	Novice	Head_on_table	1	fullstream	Nametag_Anna	0	0	0	0	0	0	0	0	0	0	0	0	0	0	0	0	0	0	0	0	0	1	0	0	0	0	0	0	0	0	0	0	0	0	0	0	0	0	0	0	0	0	0	0	0	0	0	0																						0																											220	220	220	220	1	1577	220	Anna	Anna	0				0			220	220	220	220	1	1577	220	260	260	260	260	1	1537	260	0	1537	1797	264,43	282,72
Recording065	ProVisioNET_study_110_02	Female	Novice	Head_on_table	1	fullstream	Nametag_Bianca	0	0	0	0	0	0	0	0	0	0	0	0	0	0	0	0	0	0	0	0	0	1	0	0	0	0	0	0	0	0	0	0	0	0	0	0	0	0	0	0	0	0	0	0	0	0	0	0																						0																											260	130	100	160	2	1437	100	Anna	Anna	0				0			260	130	100	160	2	1437	100	320	160	140	180	2	1397	140	0	1397	1537	194,37	264,43
Recording065	ProVisioNET_study_110_02	Female	Novice	Head_on_table_fix	1	fullstream	Anna	0	0	0	0	0	0	0	0	0	0	0	0	0	0	0	0	0	0	0	0	0	1	0	0	0	0	0	0	0	0	0	0	0	0	0	0	0	0	0	0	0	0	0	0	0	0	0	0																						0																											4917	820	80	1859	6	1837	1859	Anna	Anna	0				0			4917	820	80	1859	6	1837	1859	5157	859	140	1899	6	1797	1899	0	1797	14389	282,72	135,78
Recording065	ProVisioNET_study_110_02	Female	Novice	Head_on_table_fix	1	fullstream	Bianca	0	0	0	0	0	0	0	0	0	0	0	0	0	0	0	0	0	0	0	0	0	1	0	0	0	0	0	0	0	0	0	0	0	0	0	0	0	0	0	0	0	0	0	0	0	0	0	0																						0																											2176	725	320	1397	3	0	1397	Anna	Anna	0				0			2176	725	320	1397	3	0	1397	2256	752	360	1397	3	0	1397	0	29340	1397	223,92	194,37
Recording065	ProVisioNET_study_110_02	Female	Novice	Head_on_table_fix	1	fullstream	Board_Screen	0	0	0	0	0	0	0	0	0	0	0	0	0	0	0	0	0	0	0	0	0	1	0	0	0	0	0	0	0	0	0	0	0	0	0	0	0	0	0	0	0	0	0	0	0	0	0	0																						0																											11973	374	80	999	32	3875	500	Anna	Anna	0				0			13132	2189	440	3738	6	3875	1599	13352	2225	520	3778	6	3835	1639	21	5494		173	
Recording065	ProVisioNET_study_110_02	Female	Novice	Head_on_table_fix	1	fullstream	Carl(a)	0	0	0	0	0	0	0	0	0	0	0	0	0	0	0	0	0	0	0	0	0	1	0	0	0	0	0	0	0	0	0	0	0	0	0	0	0	0	0	0	0	0	0	0	0	0	0	0																						0																											0				0			Anna	Anna	0				0			0				0			0				0			0				
Recording065	ProVisioNET_study_110_02	Female	Novice	Head_on_table_fix	1	fullstream	Classroom_Others	0	0	0	0	0	0	0	0	0	0	0	0	0	0	0	0	0	0	0	0	0	1	0	0	0	0	0	0	0	0	0	0	0	0	0	0	0	0	0	0	0	0	0	0	0	0	0	0																						0																											5517	1839	300	4637	3	14649	300	Anna	Anna	0				0			5577	2788	300	5277	2	14649	300	5797	2898	460	5337	2	14489	460	1	14489	14949	320,88	129,93
Recording065	ProVisioNET_study_110_02	Female	Novice	Head_on_table_fix	1	fullstream	Disruptive_Person	0	0	0	0	0	0	0	0	0	0	0	0	0	0	0	0	0	0	0	0	0	1	0	0	0	0	0	0	0	0	0	0	0	0	0	0	0	0	0	0	0	0	0	0	0	0	0	0																						0																											3016	503	100	1397	6	0	1397	Anna	Anna	0				0			3116	1039	580	1537	3	0	1537	3216	1072	640	1537	3	0	1537	3		1537		264,43
Recording065	ProVisioNET_study_110_02	Female	Novice	Head_on_table_fix	1	fullstream	Nametag_Anna	0	0	0	0	0	0	0	0	0	0	0	0	0	0	0	0	0	0	0	0	0	1	0	0	0	0	0	0	0	0	0	0	0	0	0	0	0	0	0	0	0	0	0	0	0	0	0	0																						0																											220	220	220	220	1	1577	220	Anna	Anna	0				0			220	220	220	220	1	1577	220	260	260	260	260	1	1537	260	0	1537	1797	264,43	282,72
Recording065	ProVisioNET_study_110_02	Female	Novice	Head_on_table_fix	1	fullstream	Nametag_Bianca	0	0	0	0	0	0	0	0	0	0	0	0	0	0	0	0	0	0	0	0	0	1	0	0	0	0	0	0	0	0	0	0	0	0	0	0	0	0	0	0	0	0	0	0	0	0	0	0																						0																											260	130	100	160	2	1437	100	Anna	Anna	0				0			260	130	100	160	2	1437	100	320	160	140	180	2	1397	140	0	1397	1537	194,37	264,43
Recording065	ProVisioNET_study_110_02	Female	Novice	Heckling	1	fullstream	Anna	0	0	0	0	0	0	0	0	0	0	0	0	0	0	0	0	0	0	0	0	0	0	0	0	1	0	0	0	0	0	0	0	0	0	0	0	0	0	0	0	0	0	0	0	0	0	0	0																									0																								0				0			Carl(a),Disruptive_Person	Carl(a),Disruptive_Person	0				0			0				0			0				0			0				
Recording065	ProVisioNET_study_110_02	Female	Novice	Heckling	1	fullstream	Bianca	0	0	0	0	0	0	0	0	0	0	0	0	0	0	0	0	0	0	0	0	0	0	0	0	1	0	0	0	0	0	0	0	0	0	0	0	0	0	0	0	0	0	0	0	0	0	0	0																									0																								0				0			Carl(a),Disruptive_Person	Carl(a),Disruptive_Person	0				0			0				0			0				0			0				
Recording065	ProVisioNET_study_110_02	Female	Novice	Heckling	1	fullstream	Board_Screen	0	0	0	0	0	0	0	0	0	0	0	0	0	0	0	0	0	0	0	0	0	0	0	0	1	0	0	0	0	0	0	0	0	0	0	0	0	0	0	0	0	0	0	0	0	0	0	0																									0																								400	200	100	300	2	10	300	Carl(a),Disruptive_Person	Carl(a),Disruptive_Person	0				0			500	500	500	500	1	10	500	509	509	509	509	1	0	509	0				
Recording065	ProVisioNET_study_110_02	Female	Novice	Heckling	1	fullstream	Carl(a)	0	0	0	0	0	0	0	0	0	0	0	0	0	0	0	0	0	0	0	0	0	0	0	0	1	0	0	0	0	0	0	0	0	0	0	0	0	0	0	0	0	0	0	0	0	0	0	0																									0																								965	322	180	525	3	889	260	Carl(a),Disruptive_Person	Carl(a),Disruptive_Person	0				0			965	322	180	525	3	889	260	1065	355	240	565	3	889	260	0	1649		350,24	
Recording065	ProVisioNET_study_110_02	Female	Novice	Heckling	1	fullstream	Classroom_Others	0	0	0	0	0	0	0	0	0	0	0	0	0	0	0	0	0	0	0	0	0	0	0	0	1	0	0	0	0	0	0	0	0	0	0	0	0	0	0	0	0	0	0	0	0	0	0	0																									0																								120	120	120	120	1	1349	120	Carl(a),Disruptive_Person	Carl(a),Disruptive_Person	0				0			120	120	120	120	1	1349	120	180	180	180	180	1	1289	180	0		1469		126,48
Recording065	ProVisioNET_study_110_02	Female	Novice	Heckling	1	fullstream	Disruptive_Person	0	0	0	0	0	0	0	0	0	0	0	0	0	0	0	0	0	0	0	0	0	0	0	0	1	0	0	0	0	0	0	0	0	0	0	0	0	0	0	0	0	0	0	0	0	0	0	0																									0																								1244	249	120	525	5	889	260	Carl(a),Disruptive_Person	Carl(a),Disruptive_Person	0				0			1324	441	260	540	3	889	260	1424	475	260	600	3	889	260	2	1908		188,66	
Recording065	ProVisioNET_study_110_02	Female	Novice	Heckling	1	fullstream	Nametag_Carl(a)	0	0	0	0	0	0	0	0	0	0	0	0	0	0	0	0	0	0	0	0	0	0	0	0	1	0	0	0	0	0	0	0	0	0	0	0	0	0	0	0	0	0	0	0	0	0	0	0																									0																								160	160	160	160	1	1489	160	Carl(a),Disruptive_Person	Carl(a),Disruptive_Person	0				0			160	160	160	160	1	1489	160	180	180	180	180	1	1469	180	0	1469	1649	126,48	350,24
Recording065	ProVisioNET_study_110_02	Female	Novice	Heckling_fix	1	fullstream	Anna	0	0	0	0	0	0	0	0	0	0	0	0	0	0	0	0	0	0	0	0	0	0	0	1	1	0	0	0	0	0	0	0	0	0	0	0	0	0	1	0	0	0	0	0	0	0	0	0																								2473	0														3179										0				0			Carl(a)	Carl(a)	0				0			0				0			0				0			0				
Recording065	ProVisioNET_study_110_02	Female	Novice	Heckling_fix	1	fullstream	Bianca	0	0	0	0	0	0	0	0	0	0	0	0	0	0	0	0	0	0	0	0	0	0	0	1	1	0	0	0	0	0	0	0	0	0	0	0	0	0	1	0	0	0	0	0	0	0	0	0																								2473	0														3179										0				0			Carl(a)	Carl(a)	0				0			0				0			0				0			0				
Recording065	ProVisioNET_study_110_02	Female	Novice	Heckling_fix	1	fullstream	Board_Screen	0	0	0	0	0	0	0	0	0	0	0	0	0	0	0	0	0	0	0	0	0	0	0	1	1	0	0	0	0	0	0	0	0	0	0	0	0	0	1	0	0	0	0	0	0	0	0	0																								2473	0														3179										2638	240	100	500	11	10	300	Carl(a)	Carl(a)	0				0			2978	745	500	1439	4	10	500	3068	767	509	1459	4	0	509	6				
Recording065	ProVisioNET_study_110_02	Female	Novice	Heckling_fix	1	fullstream	Carl(a)	0	0	0	0	0	0	0	0	0	0	0	0	0	0	0	0	0	0	0	0	0	0	0	1	1	0	0	0	0	0	0	0	0	0	0	0	0	0	1	0	0	0	0	0	0	0	0	0																								2473	0														3179										23634	3376	180	8275	7	889	260	Carl(a)	Carl(a)	0				0			23634	3376	180	8275	7	889	260	23854	3408	240	8315	7	889	260	0	1649	13002	350,24	256,06
Recording065	ProVisioNET_study_110_02	Female	Novice	Heckling_fix	1	fullstream	Classroom_Others	0	0	0	0	0	0	0	0	0	0	0	0	0	0	0	0	0	0	0	0	0	0	0	1	1	0	0	0	0	0	0	0	0	0	0	0	0	0	1	0	0	0	0	0	0	0	0	0																								2473	0														3179										460	230	120	340	2	1349	120	Carl(a)	Carl(a)	0				0			460	230	120	340	2	1349	120	600	300	180	420	2	1289	180	0		1469		126,48
Recording065	ProVisioNET_study_110_02	Female	Novice	Heckling_fix	1	fullstream	Disruptive_Person	0	0	0	0	0	0	0	0	0	0	0	0	0	0	0	0	0	0	0	0	0	0	0	1	1	0	0	0	0	0	0	0	0	0	0	0	0	0	1	0	0	0	0	0	0	0	0	0																								2473	0														3179										2838	568	120	2119	5	889	260	Carl(a)	Carl(a)	0				0			2918	973	260	2119	3	889	260	3018	1006	260	2159	3	889	260	2	1908		188,66	
Recording065	ProVisioNET_study_110_02	Female	Novice	Heckling_fix	1	fullstream	Nametag_Carl(a)	0	0	0	0	0	0	0	0	0	0	0	0	0	0	0	0	0	0	0	0	0	0	0	1	1	0	0	0	0	0	0	0	0	0	0	0	0	0	1	0	0	0	0	0	0	0	0	0																								2473	0														3179										360	180	160	200	2	1489	160	Carl(a)	Carl(a)	0				0			360	180	160	200	2	1489	160	420	210	180	240	2	1469	180	0	1469	1649	126,48	350,24
Recording065	ProVisioNET_study_110_02	Female	Novice	Lesson	1	fullstream	Anna	0	0	0	0	0	0	0	1	1	1	1	1	1	1	1	1	1	1	1	1	1	1	1	1	1	0	1	0	0	0	1	1	1	1	1	1	1	0	1	0	1	1	1	1	1	1	1	1								920857	897749	890857	831591	808111	801103	560359	556013	530359	650352	629731	620352	471045	471045	441045	200112	172586	170113		0				741695	719400	711696	896573	805583	549447	628670		173292		260849	357447	289898	262506	259898	380453	358745	350453	175017	983	80	6576	178	761	380	Classroom_Others	Classroom_Others	0				0			176156	1215	80	8395	145	761	380	182333	1257	100	8435	145	721	420	28	721	1141	119,28	215,36
Recording065	ProVisioNET_study_110_02	Female	Novice	Lesson	1	fullstream	Bianca	0	0	0	0	0	0	0	1	1	1	1	1	1	1	1	1	1	1	1	1	1	1	1	1	1	0	1	0	0	0	1	1	1	1	1	1	1	0	1	0	1	1	1	1	1	1	1	1								920857	897749	890857	831591	808111	801103	560359	556013	530359	650352	629731	620352	471045	471045	441045	200112	172586	170113		0				741695	719400	711696	896573	805583	549447	628670		173292		260849	357447	289898	262506	259898	380453	358745	350453	170919	777	80	9235	220	1181	760	Classroom_Others	Classroom_Others	0				0			172258	968	100	11493	178	1181	760	180474	1014	140	11533	178	1141	800	32	1141	1941	215,36	230,91
Recording065	ProVisioNET_study_110_02	Female	Novice	Lesson	1	fullstream	Board_Screen	0	0	0	0	0	0	0	1	1	1	1	1	1	1	1	1	1	1	1	1	1	1	1	1	1	0	1	0	0	0	1	1	1	1	1	1	1	0	1	0	1	1	1	1	1	1	1	1								920857	897749	890857	831591	808111	801103	560359	556013	530359	650352	629731	620352	471045	471045	441045	200112	172586	170113		0				741695	719400	711696	896573	805583	549447	628670		173292		260849	357447	289898	262506	259898	380453	358745	350453	258488	401	80	6916	644	6258	140	Classroom_Others	Classroom_Others	0				0			291248	1955	80	8035	149	6258	140	296765	1992	100	8055	149	6218	180	412	69301	80275	234,34	270,79
Recording065	ProVisioNET_study_110_02	Female	Novice	Lesson	1	fullstream	Carl(a)	0	0	0	0	0	0	0	1	1	1	1	1	1	1	1	1	1	1	1	1	1	1	1	1	1	0	1	0	0	0	1	1	1	1	1	1	1	0	1	0	1	1	1	1	1	1	1	1								920857	897749	890857	831591	808111	801103	560359	556013	530359	650352	629731	620352	471045	471045	441045	200112	172586	170113		0				741695	719400	711696	896573	805583	549447	628670		173292		260849	357447	289898	262506	259898	380453	358745	350453	181553	1365	80	11433	133	581	140	Classroom_Others	Classroom_Others	0				0			184191	1806	80	11433	102	581	140	188549	1849	140	11473	102	521	200	21	521	721	289,33	119,28
Recording065	ProVisioNET_study_110_02	Female	Novice	Lesson	1	fullstream	Classroom_Others	0	0	0	0	0	0	0	1	1	1	1	1	1	1	1	1	1	1	1	1	1	1	1	1	1	0	1	0	0	0	1	1	1	1	1	1	1	0	1	0	1	1	1	1	1	1	1	1								920857	897749	890857	831591	808111	801103	560359	556013	530359	650352	629731	620352	471045	471045	441045	200112	172586	170113		0				741695	719400	711696	896573	805583	549447	628670		173292		260849	357447	289898	262506	259898	380453	358745	350453	59133	358	80	5797	165	3360	380	Classroom_Others	Classroom_Others	0				0			62111	501	80	7016	124	3360	2359	67168	542	80	7056	124	3280	2439	28	6418	5718	276,75	331,18
Recording065	ProVisioNET_study_110_02	Female	Novice	Lesson	1	fullstream	Disruptive_Person	0	0	0	0	0	0	0	1	1	1	1	1	1	1	1	1	1	1	1	1	1	1	1	1	1	0	1	0	0	0	1	1	1	1	1	1	1	0	1	0	1	1	1	1	1	1	1	1								920857	897749	890857	831591	808111	801103	560359	556013	530359	650352	629731	620352	471045	471045	441045	200112	172586	170113		0				741695	719400	711696	896573	805583	549447	628670		173292		260849	357447	289898	262506	259898	380453	358745	350453	40896	974	80	5936	42	171002	260	Classroom_Others	Classroom_Others	0				0			41555	1662	180	7196	25	171002	260	42695	1708	260	7236	25	171002	260	16	172021	260949	188,66	213,89
Recording065	ProVisioNET_study_110_02	Female	Novice	Lesson	1	fullstream	Material_Students	0	0	0	0	0	0	0	1	1	1	1	1	1	1	1	1	1	1	1	1	1	1	1	1	1	0	1	0	0	0	1	1	1	1	1	1	1	0	1	0	1	1	1	1	1	1	1	1								920857	897749	890857	831591	808111	801103	560359	556013	530359	650352	629731	620352	471045	471045	441045	200112	172586	170113		0				741695	719400	711696	896573	805583	549447	628670		173292		260849	357447	289898	262506	259898	380453	358745	350453	18309	964	120	5936	19	489115	620	Classroom_Others	Classroom_Others	0				0			18309	964	120	5936	19	489115	620	18909	995	180	5976	19	489075	660	0	489075	489734	257,95	326,94
Recording065	ProVisioNET_study_110_02	Female	Novice	Lesson	1	fullstream	Material_Teacher	0	0	0	0	0	0	0	1	1	1	1	1	1	1	1	1	1	1	1	1	1	1	1	1	1	0	1	0	0	0	1	1	1	1	1	1	1	0	1	0	1	1	1	1	1	1	1	1								920857	897749	890857	831591	808111	801103	560359	556013	530359	650352	629731	620352	471045	471045	441045	200112	172586	170113		0				741695	719400	711696	896573	805583	549447	628670		173292		260849	357447	289898	262506	259898	380453	358745	350453	21287	453	100	2698	47	59707	340	Classroom_Others	Classroom_Others	0				0			22467	1182	140	4797	19	59707	340	23566	1240	200	4837	19	59627	420	28	59627	253014	438,27	339,01
Recording065	ProVisioNET_study_110_02	Female	Novice	Lesson	1	fullstream	Nametag_Anna	0	0	0	0	0	0	0	1	1	1	1	1	1	1	1	1	1	1	1	1	1	1	1	1	1	0	1	0	0	0	1	1	1	1	1	1	1	0	1	0	1	1	1	1	1	1	1	1								920857	897749	890857	831591	808111	801103	560359	556013	530359	650352	629731	620352	471045	471045	441045	200112	172586	170113		0				741695	719400	711696	896573	805583	549447	628670		173292		260849	357447	289898	262506	259898	380453	358745	350453	3618	201	80	320	18	79575	220	Classroom_Others	Classroom_Others	0				0			3618	201	80	320	18	79575	220	4317	240	100	340	18	79535	260	0	79535	235984	317,25	258,68
Recording065	ProVisioNET_study_110_02	Female	Novice	Lesson	1	fullstream	Nametag_Bianca	0	0	0	0	0	0	0	1	1	1	1	1	1	1	1	1	1	1	1	1	1	1	1	1	1	0	1	0	0	0	1	1	1	1	1	1	1	0	1	0	1	1	1	1	1	1	1	1								920857	897749	890857	831591	808111	801103	560359	556013	530359	650352	629731	620352	471045	471045	441045	200112	172586	170113		0				741695	719400	711696	896573	805583	549447	628670		173292		260849	357447	289898	262506	259898	380453	358745	350453	3278	193	100	320	17	46015	200	Classroom_Others	Classroom_Others	0				0			3278	193	100	320	17	46015	200	3998	235	140	400	17	45975	240	0	45975	46215	154,86	236,76
Recording065	ProVisioNET_study_110_02	Female	Novice	Lesson	1	fullstream	Nametag_Carl(a)	0	0	0	0	0	0	0	1	1	1	1	1	1	1	1	1	1	1	1	1	1	1	1	1	1	0	1	0	0	0	1	1	1	1	1	1	1	0	1	0	1	1	1	1	1	1	1	1								920857	897749	890857	831591	808111	801103	560359	556013	530359	650352	629731	620352	471045	471045	441045	200112	172586	170113		0				741695	719400	711696	896573	805583	549447	628670		173292		260849	357447	289898	262506	259898	380453	358745	350453	2918	224	160	420	13	171601	160	Classroom_Others	Classroom_Others	0				0			2918	224	160	420	13	171601	160	3458	266	180	480	13	171581	180	0	171581	171761	126,48	350,24
Recording065	ProVisioNET_study_110_02	Female	Novice	Looking_at_phone	1	fullstream	Anna	0	0	0	0	0	0	0	0	0	0	0	0	0	0	0	0	0	0	0	0	0	0	0	0	0	0	0	0	0	0	0	0	1	0	0	0	0	0	0	0	0	0	0	0	0	0	0	0																																	0																227	227	227	227	1	0	227	Bianca	Bianca	0				0			227	227	227	227	1	0	227	227	227	227	227	1	0	227	0				
Recording065	ProVisioNET_study_110_02	Female	Novice	Looking_at_phone	1	fullstream	Bianca	0	0	0	0	0	0	0	0	0	0	0	0	0	0	0	0	0	0	0	0	0	0	0	0	0	0	0	0	0	0	0	0	1	0	0	0	0	0	0	0	0	0	0	0	0	0	0	0																																	0																1520	253	100	480	6	4225	100	Bianca	Bianca	0				0			1560	390	100	561	4	4225	100	1720	430	140	641	4	4185	140	2	4785	4325	161,72	109,44
Recording065	ProVisioNET_study_110_02	Female	Novice	Looking_at_phone	1	fullstream	Board_Screen	0	0	0	0	0	0	0	0	0	0	0	0	0	0	0	0	0	0	0	0	0	0	0	0	0	0	0	0	0	0	0	0	1	0	0	0	0	0	0	0	0	0	0	0	0	0	0	0																																	0																2459	2459	2459	2459	1	1127	2459	Bianca	Bianca	0				0			2459	2459	2459	2459	1	1127	2459	2479	2479	2479	2479	1	1107	2479	0				
Recording065	ProVisioNET_study_110_02	Female	Novice	Looking_at_phone	1	fullstream	Carl(a)	0	0	0	0	0	0	0	0	0	0	0	0	0	0	0	0	0	0	0	0	0	0	0	0	0	0	0	0	0	0	0	0	1	0	0	0	0	0	0	0	0	0	0	0	0	0	0	0																																	0																0				0			Bianca	Bianca	0				0			0				0			0				0			0				
Recording065	ProVisioNET_study_110_02	Female	Novice	Looking_at_phone	1	fullstream	Classroom_Others	0	0	0	0	0	0	0	0	0	0	0	0	0	0	0	0	0	0	0	0	0	0	0	0	0	0	0	0	0	0	0	0	1	0	0	0	0	0	0	0	0	0	0	0	0	0	0	0																																	0																1639	410	80	800	4	4025	80	Bianca	Bianca	0				0			1639	410	80	800	4	4025	80	1859	465	140	820	4	3965	140	0	4325	4785	109,44	161,72
Recording065	ProVisioNET_study_110_02	Female	Novice	Looking_at_phone	1	fullstream	Disruptive_Person	0	0	0	0	0	0	0	0	0	0	0	0	0	0	0	0	0	0	0	0	0	0	0	0	0	0	0	0	0	0	0	0	1	0	0	0	0	0	0	0	0	0	0	0	0	0	0	0																																	0																1599	267	100	480	6	4225	100	Bianca	Bianca	0				0			1659	553	180	1059	3	4225	1059	1799	600	260	1099	3	4185	1099	3	6184	6624	103,9	409,8
Recording065	ProVisioNET_study_110_02	Female	Novice	Looking_at_phone_fix	1	fullstream	Anna	0	0	0	0	0	0	0	0	0	0	0	0	0	0	0	0	0	0	0	0	0	0	0	0	0	0	0	0	0	0	0	1	1	0	0	0	0	0	0	0	0	0	0	0	0	0	0	0																																7704	0																427	214	200	227	2	0	227	Board_Screen	Board_Screen	0				0			427	214	200	227	2	0	227	427	214	200	227	2	0	227	0		21835		323,37
Recording065	ProVisioNET_study_110_02	Female	Novice	Looking_at_phone_fix	1	fullstream	Bianca	0	0	0	0	0	0	0	0	0	0	0	0	0	0	0	0	0	0	0	0	0	0	0	0	0	0	0	0	0	0	0	1	1	0	0	0	0	0	0	0	0	0	0	0	0	0	0	0																																7704	0																7096	473	100	1139	15	4225	100	Board_Screen	Board_Screen	0				0			7296	811	100	2019	9	4225	100	7595	844	140	2079	9	4185	140	4	4785	4325	161,72	109,44
Recording065	ProVisioNET_study_110_02	Female	Novice	Looking_at_phone_fix	1	fullstream	Board_Screen	0	0	0	0	0	0	0	0	0	0	0	0	0	0	0	0	0	0	0	0	0	0	0	0	0	0	0	0	0	0	0	1	1	0	0	0	0	0	0	0	0	0	0	0	0	0	0	0																																7704	0																13162	1012	80	4237	13	1127	2459	Board_Screen	Board_Screen	0				0			13402	2234	80	5826	6	1127	2459	13622	2270	160	5846	6	1107	2479	7	11801		400,48	
Recording065	ProVisioNET_study_110_02	Female	Novice	Looking_at_phone_fix	1	fullstream	Carl(a)	0	0	0	0	0	0	0	0	0	0	0	0	0	0	0	0	0	0	0	0	0	0	0	0	0	0	0	0	0	0	0	1	1	0	0	0	0	0	0	0	0	0	0	0	0	0	0	0																																7704	0																0				0			Board_Screen	Board_Screen	0				0			0				0			0				0			0				
Recording065	ProVisioNET_study_110_02	Female	Novice	Looking_at_phone_fix	1	fullstream	Classroom_Others	0	0	0	0	0	0	0	0	0	0	0	0	0	0	0	0	0	0	0	0	0	0	0	0	0	0	0	0	0	0	0	1	1	0	0	0	0	0	0	0	0	0	0	0	0	0	0	0																																7704	0																3258	407	80	800	8	4025	80	Board_Screen	Board_Screen	0				0			3318	474	80	1279	7	4025	80	3598	514	140	1279	7	3965	140	1	4325	4785	109,44	161,72
Recording065	ProVisioNET_study_110_02	Female	Novice	Looking_at_phone_fix	1	fullstream	Disruptive_Person	0	0	0	0	0	0	0	0	0	0	0	0	0	0	0	0	0	0	0	0	0	0	0	0	0	0	0	0	0	0	0	1	1	0	0	0	0	0	0	0	0	0	0	0	0	0	0	0																																7704	0																1599	267	100	480	6	4225	100	Board_Screen	Board_Screen	0				0			1659	553	180	1059	3	4225	1059	1799	600	260	1099	3	4185	1099	3	6184	6624	103,9	409,8
Recording065	ProVisioNET_study_110_02	Female	Novice	Looking_at_phone_fix	1	fullstream	Material_Students	0	0	0	0	0	0	0	0	0	0	0	0	0	0	0	0	0	0	0	0	0	0	0	0	0	0	0	0	0	0	0	1	1	0	0	0	0	0	0	0	0	0	0	0	0	0	0	0																																7704	0																460	460	460	460	1	9182	460	Board_Screen	Board_Screen	0				0			460	460	460	460	1	9182	460	500	500	500	500	1	9142	500	0	9142	9642	297,52	158,78
Recording065	ProVisioNET_study_110_02	Female	Novice	Looking_at_phone_fix	1	fullstream	Material_Teacher	0	0	0	0	0	0	0	0	0	0	0	0	0	0	0	0	0	0	0	0	0	0	0	0	0	0	0	0	0	0	0	1	1	0	0	0	0	0	0	0	0	0	0	0	0	0	0	0																																7704	0																140	140	140	140	1	14379	140	Board_Screen	Board_Screen	0				0			140	140	140	140	1	14379	140	200	200	200	200	1	14319	200	0	14319	14519	369,2	425,97
Recording065	ProVisioNET_study_110_02	Female	Novice	Snipping_with_fingers	1	fullstream	Anna	0	0	0	0	0	0	0	0	0	0	0	0	0	0	0	0	0	0	0	0	0	0	0	0	0	0	0	0	0	0	0	0	0	0	0	0	0	0	0	0	1	0	0	0	1	0	0	0																																									951				0				0				0			Bianca	Bianca	0				0			0				0			0				0			0				
Recording065	ProVisioNET_study_110_02	Female	Novice	Snipping_with_fingers	1	fullstream	Bianca	0	0	0	0	0	0	0	0	0	0	0	0	0	0	0	0	0	0	0	0	0	0	0	0	0	0	0	0	0	0	0	0	0	0	0	0	0	0	0	0	1	0	0	0	1	0	0	0																																									951				0				2277	1138	760	1517	2	72	760	Bianca	Bianca	0				0			2277	1138	760	1517	2	72	760	2389	1194	831	1557	2	0	831	0	1051	831	213,89	283,52
Recording065	ProVisioNET_study_110_02	Female	Novice	Snipping_with_fingers	1	fullstream	Carl(a)	0	0	0	0	0	0	0	0	0	0	0	0	0	0	0	0	0	0	0	0	0	0	0	0	0	0	0	0	0	0	0	0	0	0	0	0	0	0	0	0	1	0	0	0	1	0	0	0																																									951				0				0				0			Bianca	Bianca	0				0			0				0			0				0			0				
Recording065	ProVisioNET_study_110_02	Female	Novice	Snipping_with_fingers	1	fullstream	Classroom_Others	0	0	0	0	0	0	0	0	0	0	0	0	0	0	0	0	0	0	0	0	0	0	0	0	0	0	0	0	0	0	0	0	0	0	0	0	0	0	0	0	1	0	0	0	1	0	0	0																																									951				0				200	200	200	200	1	851	200	Bianca	Bianca	0				0			200	200	200	200	1	851	200	220	220	220	220	1	831	220	0	831	1051	283,52	213,89
Recording065	ProVisioNET_study_110_02	Female	Novice	Snipping_with_fingers	1	fullstream	Disruptive_Person	0	0	0	0	0	0	0	0	0	0	0	0	0	0	0	0	0	0	0	0	0	0	0	0	0	0	0	0	0	0	0	0	0	0	0	0	0	0	0	0	1	0	0	0	1	0	0	0																																									951				0				959	480	200	760	2	72	760	Bianca	Bianca	0				0			979	979	979	979	1	72	979	1051	1051	1051	1051	1	0	1051	1		1051		213,89
Recording065	ProVisioNET_study_110_02	Female	Novice	Snpping_with_fingers_fix	1	fullstream	Anna	0	0	0	0	0	0	0	0	0	0	0	0	0	0	0	0	0	0	0	0	0	0	0	0	0	0	0	0	0	0	0	0	0	0	0	0	0	0	0	0	1	0	0	1	1	0	0	0																																									951			2608	0				1279	640	420	859	2	14343	420	Board_Screen	Board_Screen	0				0			1279	640	420	859	2	14343	420	1379	690	460	919	2	14303	460	0	21039	14763	300,7	287,28
Recording065	ProVisioNET_study_110_02	Female	Novice	Snpping_with_fingers_fix	1	fullstream	Bianca	0	0	0	0	0	0	0	0	0	0	0	0	0	0	0	0	0	0	0	0	0	0	0	0	0	0	0	0	0	0	0	0	0	0	0	0	0	0	0	0	1	0	0	1	1	0	0	0																																									951			2608	0				9754	1084	100	4497	9	72	760	Board_Screen	Board_Screen	0				0			9914	1416	200	6856	7	72	760	10286	1469	260	6896	7	0	831	1	1051	831	213,89	283,52
Recording065	ProVisioNET_study_110_02	Female	Novice	Snpping_with_fingers_fix	1	fullstream	Board_Screen	0	0	0	0	0	0	0	0	0	0	0	0	0	0	0	0	0	0	0	0	0	0	0	0	0	0	0	0	0	0	0	0	0	0	0	0	0	0	0	0	1	0	0	1	1	0	0	0																																									951			2608	0				10280	490	80	2658	21	10685	1579	Board_Screen	Board_Screen	0				0			11160	2790	1319	5137	4	10685	3338	11360	2840	1359	5197	4	10665	3358	12				
Recording065	ProVisioNET_study_110_02	Female	Novice	Snpping_with_fingers_fix	1	fullstream	Carl(a)	0	0	0	0	0	0	0	0	0	0	0	0	0	0	0	0	0	0	0	0	0	0	0	0	0	0	0	0	0	0	0	0	0	0	0	0	0	0	0	0	1	0	0	1	1	0	0	0																																									951			2608	0				1359	340	200	600	4	15403	200	Board_Screen	Board_Screen	0				0			1359	340	200	600	4	15403	200	1619	405	260	640	4	15343	260	0	15343	15603	291,77	222,78
Recording065	ProVisioNET_study_110_02	Female	Novice	Snpping_with_fingers_fix	1	fullstream	Classroom_Others	0	0	0	0	0	0	0	0	0	0	0	0	0	0	0	0	0	0	0	0	0	0	0	0	0	0	0	0	0	0	0	0	0	0	0	0	0	0	0	0	1	0	0	1	1	0	0	0																																									951			2608	0				460	230	200	260	2	851	200	Board_Screen	Board_Screen	0				0			460	230	200	260	2	851	200	480	240	220	260	2	831	220	0	831	1051	283,52	213,89
Recording065	ProVisioNET_study_110_02	Female	Novice	Snpping_with_fingers_fix	1	fullstream	Disruptive_Person	0	0	0	0	0	0	0	0	0	0	0	0	0	0	0	0	0	0	0	0	0	0	0	0	0	0	0	0	0	0	0	0	0	0	0	0	0	0	0	0	1	0	0	1	1	0	0	0																																									951			2608	0				959	480	200	760	2	72	760	Board_Screen	Board_Screen	0				0			979	979	979	979	1	72	979	1051	1051	1051	1051	1	0	1051	1		1051		213,89
Recording065	ProVisioNET_study_110_02	Female	Novice	Snpping_with_fingers_fix	1	fullstream	Material_Teacher	0	0	0	0	0	0	0	0	0	0	0	0	0	0	0	0	0	0	0	0	0	0	0	0	0	0	0	0	0	0	0	0	0	0	0	0	0	0	0	0	1	0	0	1	1	0	0	0																																									951			2608	0				2598	289	100	680	9	8027	180	Board_Screen	Board_Screen	0				0			2898	1449	520	2379	2	8027	2379	2978	1489	560	2419	2	7987	2419	7		20400		479,57
Recording065	ProVisioNET_study_110_02	Female	Novice	Whispering	1	fullstream	Anna	0	0	0	0	0	0	0	0	0	0	0	0	0	0	0	0	0	0	0	0	0	0	0	0	0	0	0	0	0	0	0	0	0	0	0	0	0	0	0	0	0	1	0	0	0	0	0	1																																										6994						0	5893	1179	383	2159	5	0	383	Anna,Disruptive_Person	Anna,Disruptive_Person	0				0			5933	1483	879	2582	4	0	2582	6013	1503	899	2582	4	0	2582	1	3201	2582	106,28	172,79
Recording065	ProVisioNET_study_110_02	Female	Novice	Whispering	1	fullstream	Bianca	0	0	0	0	0	0	0	0	0	0	0	0	0	0	0	0	0	0	0	0	0	0	0	0	0	0	0	0	0	0	0	0	0	0	0	0	0	0	0	0	0	1	0	0	0	0	0	1																																										6994						0	1239	310	140	600	4	2602	600	Anna,Disruptive_Person	Anna,Disruptive_Person	0				0			1239	310	140	600	4	2602	600	1399	350	160	620	4	2582	620	0	2582	3201	172,79	106,28
Recording065	ProVisioNET_study_110_02	Female	Novice	Whispering	1	fullstream	Carl(a)	0	0	0	0	0	0	0	0	0	0	0	0	0	0	0	0	0	0	0	0	0	0	0	0	0	0	0	0	0	0	0	0	0	0	0	0	0	0	0	0	0	1	0	0	0	0	0	1																																										6994						0	0				0			Anna,Disruptive_Person	Anna,Disruptive_Person	0				0			0				0			0				0			0				
Recording065	ProVisioNET_study_110_02	Female	Novice	Whispering	1	fullstream	Classroom_Others	0	0	0	0	0	0	0	0	0	0	0	0	0	0	0	0	0	0	0	0	0	0	0	0	0	0	0	0	0	0	0	0	0	0	0	0	0	0	0	0	0	1	0	0	0	0	0	1																																										6994						0	180	180	180	180	1	5820	180	Anna,Disruptive_Person	Anna,Disruptive_Person	0				0			180	180	180	180	1	5820	180	200	200	200	200	1	5800	200	0	5800	6000	142,71	230,15
Recording065	ProVisioNET_study_110_02	Female	Novice	Whispering	1	fullstream	Disruptive_Person	0	0	0	0	0	0	0	0	0	0	0	0	0	0	0	0	0	0	0	0	0	0	0	0	0	0	0	0	0	0	0	0	0	0	0	0	0	0	0	0	0	1	0	0	0	0	0	1																																										6994						0	5893	1179	383	2159	5	0	383	Anna,Disruptive_Person	Anna,Disruptive_Person	0				0			5933	1483	879	2582	4	0	2582	6013	1503	899	2582	4	0	2582	1	3201	2582	106,28	172,79
Recording065	ProVisioNET_study_110_02	Female	Novice	Whispering	1	fullstream	Nametag_Anna	0	0	0	0	0	0	0	0	0	0	0	0	0	0	0	0	0	0	0	0	0	0	0	0	0	0	0	0	0	0	0	0	0	0	0	0	0	0	0	0	0	1	0	0	0	0	0	1																																										6994						0	160	160	160	160	1	6739	160	Anna,Disruptive_Person	Anna,Disruptive_Person	0				0			160	160	160	160	1	6739	160	220	220	220	220	1	6679	220	0	6679	6899	304,87	245,85
Recording065	ProVisioNET_study_110_02	Female	Novice	Whispering	1	fullstream	Nametag_Bianca	0	0	0	0	0	0	0	0	0	0	0	0	0	0	0	0	0	0	0	0	0	0	0	0	0	0	0	0	0	0	0	0	0	0	0	0	0	0	0	0	0	1	0	0	0	0	0	1																																										6994						0	320	320	320	320	1	6020	320	Anna,Disruptive_Person	Anna,Disruptive_Person	0				0			320	320	320	320	1	6020	320	340	340	340	340	1	6000	340	0	6000	6339	230,15	349,21
Recording065	ProVisioNET_study_110_02	Female	Novice	Whispering_fix	1	fullstream	Anna	0	0	0	0	0	0	0	0	0	0	0	0	0	0	0	0	0	0	0	0	0	0	0	0	0	0	0	0	0	0	0	0	0	0	0	0	0	0	0	0	0	1	0	0	0	0	1	1																																										6994					8292	0	17967	1497	383	2578	12	0	383	Anna	Anna	0				0			18147	2592	440	8395	7	0	2582	18367	2624	480	8435	7	0	2582	4	3201	2582	106,28	172,79
Recording065	ProVisioNET_study_110_02	Female	Novice	Whispering_fix	1	fullstream	Bianca	0	0	0	0	0	0	0	0	0	0	0	0	0	0	0	0	0	0	0	0	0	0	0	0	0	0	0	0	0	0	0	0	0	0	0	0	0	0	0	0	0	1	0	0	0	0	1	1																																										6994					8292	0	1239	310	140	600	4	2602	600	Anna	Anna	0				0			1239	310	140	600	4	2602	600	1399	350	160	620	4	2582	620	0	2582	3201	172,79	106,28
Recording065	ProVisioNET_study_110_02	Female	Novice	Whispering_fix	1	fullstream	Board_Screen	0	0	0	0	0	0	0	0	0	0	0	0	0	0	0	0	0	0	0	0	0	0	0	0	0	0	0	0	0	0	0	0	0	0	0	0	0	0	0	0	0	1	0	0	0	0	1	1																																										6994					8292	0	3158	316	80	720	10	16573	220	Anna	Anna	0				0			3458	692	220	1579	5	16573	220	3658	732	240	1619	5	16553	240	4	21950	21830	195,13	122,36
Recording065	ProVisioNET_study_110_02	Female	Novice	Whispering_fix	1	fullstream	Carl(a)	0	0	0	0	0	0	0	0	0	0	0	0	0	0	0	0	0	0	0	0	0	0	0	0	0	0	0	0	0	0	0	0	0	0	0	0	0	0	0	0	0	1	0	0	0	0	1	1																																										6994					8292	0	0				0			Anna	Anna	0				0			0				0			0				0			0				
Recording065	ProVisioNET_study_110_02	Female	Novice	Whispering_fix	1	fullstream	Classroom_Others	0	0	0	0	0	0	0	0	0	0	0	0	0	0	0	0	0	0	0	0	0	0	0	0	0	0	0	0	0	0	0	0	0	0	0	0	0	0	0	0	0	1	0	0	0	0	1	1																																										6994					8292	0	3798	543	80	2099	7	5820	180	Anna	Anna	0				0			3798	543	80	2099	7	5820	180	4098	585	100	2159	7	5800	200	0	5800	6000	142,71	230,15
Recording065	ProVisioNET_study_110_02	Female	Novice	Whispering_fix	1	fullstream	Disruptive_Person	0	0	0	0	0	0	0	0	0	0	0	0	0	0	0	0	0	0	0	0	0	0	0	0	0	0	0	0	0	0	0	0	0	0	0	0	0	0	0	0	0	1	0	0	0	0	1	1																																										6994					8292	0	7119	1424	383	2578	5	0	383	Anna	Anna	0				0			7159	1790	879	2582	4	0	2582	7239	1810	899	2618	4	0	2582	1	3201	2582	106,28	172,79
Recording065	ProVisioNET_study_110_02	Female	Novice	Whispering_fix	1	fullstream	Nametag_Anna	0	0	0	0	0	0	0	0	0	0	0	0	0	0	0	0	0	0	0	0	0	0	0	0	0	0	0	0	0	0	0	0	0	0	0	0	0	0	0	0	0	1	0	0	0	0	1	1																																										6994					8292	0	160	160	160	160	1	6739	160	Anna	Anna	0				0			160	160	160	160	1	6739	160	220	220	220	220	1	6679	220	0	6679	6899	304,87	245,85
Recording065	ProVisioNET_study_110_02	Female	Novice	Whispering_fix	1	fullstream	Nametag_Bianca	0	0	0	0	0	0	0	0	0	0	0	0	0	0	0	0	0	0	0	0	0	0	0	0	0	0	0	0	0	0	0	0	0	0	0	0	0	0	0	0	0	1	0	0	0	0	1	1																																										6994					8292	0	320	320	320	320	1	6020	320	Anna	Anna	0				0			320	320	320	320	1	6020	320	340	340	340	340	1	6000	340	0	6000	6339	230,15	349,21
Recording065	ProVisioNET_study_110_02	Female	Novice	snapshop_A_nametag	1	snapshop_A_nametag	Nametag_Anna	0	0	0	0	0	0	0	0	0	0	0	0	0	0	0	0	0	0	0	0	0	0	0	0	0	0	0	0	0	0	0	0	0	0	0	0	0	0	0	0	0	0	0	0	0	0	0	0																																																	220	220	220	220	1	0	220	Nametag_Anna	Nametag_Anna	0				0			220	220	220	220	1	0	220	220	220	220	220	1	0	220	0				
Recording065	ProVisioNET_study_110_02	Female	Novice	snapshop_A_nametag	2	snapshop_A_nametag	Nametag_Anna	0	0	0	0	0	0	0	0	0	0	0	0	0	0	0	0	0	0	0	0	0	0	0	0	0	0	0	0	0	0	0	0	0	0	0	0	0	0	0	0	0	0	0	0	0	0	0	0																																																	320	320	320	320	1	0	320	Nametag_Anna	Nametag_Anna	0				0			320	320	320	320	1	0	320	320	320	320	320	1	0	320	0				
Recording065	ProVisioNET_study_110_02	Female	Novice	snapshop_A_nametag	3	snapshop_A_nametag	Nametag_Anna	0	0	0	0	0	0	0	0	0	0	0	0	0	0	0	0	0	0	0	0	0	0	0	0	0	0	0	0	0	0	0	0	0	0	0	0	0	0	0	0	0	0	0	0	0	0	0	0																																																	140	140	140	140	1	0	140	Nametag_Anna	Nametag_Anna	0				0			140	140	140	140	1	0	140	140	140	140	140	1	0	140	0				
Recording065	ProVisioNET_study_110_02	Female	Novice	snapshop_A_nametag	4	snapshop_A_nametag	Nametag_Anna	0	0	0	0	0	0	0	0	0	0	0	0	0	0	0	0	0	0	0	0	0	0	0	0	0	0	0	0	0	0	0	0	0	0	0	0	0	0	0	0	0	0	0	0	0	0	0	0																																																	320	320	320	320	1	0	320	Nametag_Anna	Nametag_Anna	0				0			320	320	320	320	1	0	320	320	320	320	320	1	0	320	0				
Recording065	ProVisioNET_study_110_02	Female	Novice	snapshop_A_nametag	5	snapshop_A_nametag	Nametag_Anna	0	0	0	0	0	0	0	0	0	0	0	0	0	0	0	0	0	0	0	0	0	0	0	0	0	0	0	0	0	0	0	0	0	0	0	0	0	0	0	0	0	0	0	0	0	0	0	0																																																	160	160	160	160	1	0	160	Nametag_Anna	Nametag_Anna	0				0			160	160	160	160	1	0	160	160	160	160	160	1	0	160	0				
Recording065	ProVisioNET_study_110_02	Female	Novice	snapshop_A_nametag	6	snapshop_A_nametag	Nametag_Anna	0	0	0	0	0	0	0	0	0	0	0	0	0	0	0	0	0	0	0	0	0	0	0	0	0	0	0	0	0	0	0	0	0	0	0	0	0	0	0	0	0	0	0	0	0	0	0	0																																																	220	220	220	220	1	0	220	Nametag_Anna	Nametag_Anna	0				0			220	220	220	220	1	0	220	220	220	220	220	1	0	220	0				
Recording065	ProVisioNET_study_110_02	Female	Novice	snapshop_A_nametag	7	snapshop_A_nametag	Nametag_Anna	0	0	0	0	0	0	0	0	0	0	0	0	0	0	0	0	0	0	0	0	0	0	0	0	0	0	0	0	0	0	0	0	0	0	0	0	0	0	0	0	0	0	0	0	0	0	0	0																																																	220	220	220	220	1	0	220	Nametag_Anna	Nametag_Anna	0				0			220	220	220	220	1	0	220	220	220	220	220	1	0	220	0				
Recording065	ProVisioNET_study_110_02	Female	Novice	snapshop_A_nametag	8	snapshop_A_nametag	Nametag_Anna	0	0	0	0	0	0	0	0	0	0	0	0	0	0	0	0	0	0	0	0	0	0	0	0	0	0	0	0	0	0	0	0	0	0	0	0	0	0	0	0	0	0	0	0	0	0	0	0																																																	140	140	140	140	1	0	140	Nametag_Anna	Nametag_Anna	0				0			140	140	140	140	1	0	140	140	140	140	140	1	0	140	0				
Recording065	ProVisioNET_study_110_02	Female	Novice	snapshop_A_nametag	9	snapshop_A_nametag	Nametag_Anna	0	0	0	0	0	0	0	0	0	0	0	0	0	0	0	0	0	0	0	0	0	0	0	0	0	0	0	0	0	0	0	0	0	0	0	0	0	0	0	0	0	0	0	0	0	0	0	0																																																	200	200	200	200	1	0	200	Nametag_Anna	Nametag_Anna	0				0			200	200	200	200	1	0	200	200	200	200	200	1	0	200	0				
Recording065	ProVisioNET_study_110_02	Female	Novice	snapshop_A_nametag	10	snapshop_A_nametag	Nametag_Anna	0	0	0	0	0	0	0	0	0	0	0	0	0	0	0	0	0	0	0	0	0	0	0	0	0	0	0	0	0	0	0	0	0	0	0	0	0	0	0	0	0	0	0	0	0	0	0	0																																																	80	80	80	80	1	0	80	Nametag_Anna	Nametag_Anna	0				0			80	80	80	80	1	0	80	80	80	80	80	1	0	80	0				
Recording065	ProVisioNET_study_110_02	Female	Novice	snapshop_A_nametag	11	snapshop_A_nametag	Nametag_Anna	0	0	0	0	0	0	0	0	0	0	0	0	0	0	0	0	0	0	0	0	0	0	0	0	0	0	0	0	0	0	0	0	0	0	0	0	0	0	0	0	0	0	0	0	0	0	0	0																																																	300	300	300	300	1	0	300	Nametag_Anna	Nametag_Anna	0				0			300	300	300	300	1	0	300	300	300	300	300	1	0	300	0				
Recording065	ProVisioNET_study_110_02	Female	Novice	snapshop_A_nametag	12	snapshop_A_nametag	Nametag_Anna	0	0	0	0	0	0	0	0	0	0	0	0	0	0	0	0	0	0	0	0	0	0	0	0	0	0	0	0	0	0	0	0	0	0	0	0	0	0	0	0	0	0	0	0	0	0	0	0																																																	260	260	260	260	1	0	260	Nametag_Anna	Nametag_Anna	0				0			260	260	260	260	1	0	260	260	260	260	260	1	0	260	0				
Recording065	ProVisioNET_study_110_02	Female	Novice	snapshop_A_nametag	13	snapshop_A_nametag	Nametag_Anna	0	0	0	0	0	0	0	0	0	0	0	0	0	0	0	0	0	0	0	0	0	0	0	0	0	0	0	0	0	0	0	0	0	0	0	0	0	0	0	0	0	0	0	0	0	0	0	0																																																	120	120	120	120	1	0	120	Nametag_Anna	Nametag_Anna	0				0			120	120	120	120	1	0	120	120	120	120	120	1	0	120	0				
Recording065	ProVisioNET_study_110_02	Female	Novice	snapshop_A_nametag	14	snapshop_A_nametag	Nametag_Anna	0	0	0	0	0	0	0	0	0	0	0	0	0	0	0	0	0	0	0	0	0	0	0	0	0	0	0	0	0	0	0	0	0	0	0	0	0	0	0	0	0	0	0	0	0	0	0	0																																																	160	160	160	160	1	0	160	Nametag_Anna	Nametag_Anna	0				0			160	160	160	160	1	0	160	160	160	160	160	1	0	160	0				
Recording065	ProVisioNET_study_110_02	Female	Novice	snapshop_A_nametag	15	snapshop_A_nametag	Nametag_Anna	0	0	0	0	0	0	0	0	0	0	0	0	0	0	0	0	0	0	0	0	0	0	0	0	0	0	0	0	0	0	0	0	0	0	0	0	0	0	0	0	0	0	0	0	0	0	0	0																																																	180	180	180	180	1	0	180	Nametag_Anna	Nametag_Anna	0				0			180	180	180	180	1	0	180	180	180	180	180	1	0	180	0				
Recording065	ProVisioNET_study_110_02	Female	Novice	snapshop_A_nametag	16	snapshop_A_nametag	Nametag_Anna	0	0	0	0	0	0	0	0	0	0	0	0	0	0	0	0	0	0	0	0	0	0	0	0	0	0	0	0	0	0	0	0	0	0	0	0	0	0	0	0	0	0	0	0	0	0	0	0																																																	220	220	220	220	1	0	220	Nametag_Anna	Nametag_Anna	0				0			220	220	220	220	1	0	220	220	220	220	220	1	0	220	0				
Recording065	ProVisioNET_study_110_02	Female	Novice	snapshop_A_nametag	17	snapshop_A_nametag	Nametag_Anna	0	0	0	0	0	0	0	0	0	0	0	0	0	0	0	0	0	0	0	0	0	0	0	0	0	0	0	0	0	0	0	0	0	0	0	0	0	0	0	0	0	0	0	0	0	0	0	0																																																	120	120	120	120	1	0	120	Nametag_Anna	Nametag_Anna	0				0			120	120	120	120	1	0	120	120	120	120	120	1	0	120	0				
Recording065	ProVisioNET_study_110_02	Female	Novice	snapshop_A_nametag	18	snapshop_A_nametag	Nametag_Anna	0	0	0	0	0	0	0	0	0	0	0	0	0	0	0	0	0	0	0	0	0	0	0	0	0	0	0	0	0	0	0	0	0	0	0	0	0	0	0	0	0	0	0	0	0	0	0	0																																																	240	240	240	240	1	0	240	Nametag_Anna	Nametag_Anna	0				0			240	240	240	240	1	0	240	240	240	240	240	1	0	240	0				
Recording065	ProVisioNET_study_110_02	Female	Novice	snapshop_B_nametag	1	snapshop_B_nametag	Nametag_Bianca	0	0	0	0	0	0	0	0	0	0	0	0	0	0	0	0	0	0	0	0	0	0	0	0	0	0	0	0	0	0	0	0	0	0	0	0	0	0	0	0	0	0	0	0	0	0	0	0																																																	400	200	200	200	2	0	200	Nametag_Bianca	Nametag_Bianca	0				0			919	919	919	919	1	0	919	919	919	919	919	1	0	919	2				
Recording065	ProVisioNET_study_110_02	Female	Novice	snapshop_B_nametag	2	snapshop_B_nametag	Nametag_Bianca	0	0	0	0	0	0	0	0	0	0	0	0	0	0	0	0	0	0	0	0	0	0	0	0	0	0	0	0	0	0	0	0	0	0	0	0	0	0	0	0	0	0	0	0	0	0	0	0																																																	160	160	160	160	1	0	160	Nametag_Bianca	Nametag_Bianca	0				0			160	160	160	160	1	0	160	160	160	160	160	1	0	160	0				
Recording065	ProVisioNET_study_110_02	Female	Novice	snapshop_B_nametag	3	snapshop_B_nametag	Nametag_Bianca	0	0	0	0	0	0	0	0	0	0	0	0	0	0	0	0	0	0	0	0	0	0	0	0	0	0	0	0	0	0	0	0	0	0	0	0	0	0	0	0	0	0	0	0	0	0	0	0																																																	280	280	280	280	1	0	280	Nametag_Bianca	Nametag_Bianca	0				0			280	280	280	280	1	0	280	280	280	280	280	1	0	280	0				
Recording065	ProVisioNET_study_110_02	Female	Novice	snapshop_B_nametag	4	snapshop_B_nametag	Nametag_Bianca	0	0	0	0	0	0	0	0	0	0	0	0	0	0	0	0	0	0	0	0	0	0	0	0	0	0	0	0	0	0	0	0	0	0	0	0	0	0	0	0	0	0	0	0	0	0	0	0																																																	320	320	320	320	1	0	320	Nametag_Bianca	Nametag_Bianca	0				0			320	320	320	320	1	0	320	320	320	320	320	1	0	320	0				
Recording065	ProVisioNET_study_110_02	Female	Novice	snapshop_B_nametag	5	snapshop_B_nametag	Nametag_Bianca	0	0	0	0	0	0	0	0	0	0	0	0	0	0	0	0	0	0	0	0	0	0	0	0	0	0	0	0	0	0	0	0	0	0	0	0	0	0	0	0	0	0	0	0	0	0	0	0																																																	380	190	140	240	2	0	140	Nametag_Bianca	Nametag_Bianca	0				0			4897	4897	4897	4897	1	0	4897	4897	4897	4897	4897	1	0	4897	6				
Recording065	ProVisioNET_study_110_02	Female	Novice	snapshop_B_nametag	6	snapshop_B_nametag	Nametag_Bianca	0	0	0	0	0	0	0	0	0	0	0	0	0	0	0	0	0	0	0	0	0	0	0	0	0	0	0	0	0	0	0	0	0	0	0	0	0	0	0	0	0	0	0	0	0	0	0	0																																																	100	100	100	100	1	0	100	Nametag_Bianca	Nametag_Bianca	0				0			100	100	100	100	1	0	100	100	100	100	100	1	0	100	0				
Recording065	ProVisioNET_study_110_02	Female	Novice	snapshop_B_nametag	7	snapshop_B_nametag	Nametag_Bianca	0	0	0	0	0	0	0	0	0	0	0	0	0	0	0	0	0	0	0	0	0	0	0	0	0	0	0	0	0	0	0	0	0	0	0	0	0	0	0	0	0	0	0	0	0	0	0	0																																																	160	160	160	160	1	0	160	Nametag_Bianca	Nametag_Bianca	0				0			160	160	160	160	1	0	160	160	160	160	160	1	0	160	0				
Recording065	ProVisioNET_study_110_02	Female	Novice	snapshop_B_nametag	8	snapshop_B_nametag	Nametag_Bianca	0	0	0	0	0	0	0	0	0	0	0	0	0	0	0	0	0	0	0	0	0	0	0	0	0	0	0	0	0	0	0	0	0	0	0	0	0	0	0	0	0	0	0	0	0	0	0	0																																																	120	120	120	120	1	0	120	Nametag_Bianca	Nametag_Bianca	0				0			120	120	120	120	1	0	120	120	120	120	120	1	0	120	0				
Recording065	ProVisioNET_study_110_02	Female	Novice	snapshop_B_nametag	9	snapshop_B_nametag	Nametag_Bianca	0	0	0	0	0	0	0	0	0	0	0	0	0	0	0	0	0	0	0	0	0	0	0	0	0	0	0	0	0	0	0	0	0	0	0	0	0	0	0	0	0	0	0	0	0	0	0	0																																																	240	240	240	240	1	0	240	Nametag_Bianca	Nametag_Bianca	0				0			240	240	240	240	1	0	240	240	240	240	240	1	0	240	0				
Recording065	ProVisioNET_study_110_02	Female	Novice	snapshop_B_nametag	10	snapshop_B_nametag	Nametag_Bianca	0	0	0	0	0	0	0	0	0	0	0	0	0	0	0	0	0	0	0	0	0	0	0	0	0	0	0	0	0	0	0	0	0	0	0	0	0	0	0	0	0	0	0	0	0	0	0	0																																																	260	260	260	260	1	0	260	Nametag_Bianca	Nametag_Bianca	0				0			260	260	260	260	1	0	260	260	260	260	260	1	0	260	0				
Recording065	ProVisioNET_study_110_02	Female	Novice	snapshop_B_nametag	11	snapshop_B_nametag	Nametag_Bianca	0	0	0	0	0	0	0	0	0	0	0	0	0	0	0	0	0	0	0	0	0	0	0	0	0	0	0	0	0	0	0	0	0	0	0	0	0	0	0	0	0	0	0	0	0	0	0	0																																																	160	160	160	160	1	0	160	Nametag_Bianca	Nametag_Bianca	0				0			160	160	160	160	1	0	160	160	160	160	160	1	0	160	0				
Recording065	ProVisioNET_study_110_02	Female	Novice	snapshop_B_nametag	12	snapshop_B_nametag	Nametag_Bianca	0	0	0	0	0	0	0	0	0	0	0	0	0	0	0	0	0	0	0	0	0	0	0	0	0	0	0	0	0	0	0	0	0	0	0	0	0	0	0	0	0	0	0	0	0	0	0	0																																																	180	180	180	180	1	0	180	Nametag_Bianca	Nametag_Bianca	0				0			180	180	180	180	1	0	180	180	180	180	180	1	0	180	0				
Recording065	ProVisioNET_study_110_02	Female	Novice	snapshop_B_nametag	13	snapshop_B_nametag	Nametag_Bianca	0	0	0	0	0	0	0	0	0	0	0	0	0	0	0	0	0	0	0	0	0	0	0	0	0	0	0	0	0	0	0	0	0	0	0	0	0	0	0	0	0	0	0	0	0	0	0	0																																																	180	180	180	180	1	0	180	Nametag_Bianca	Nametag_Bianca	0				0			180	180	180	180	1	0	180	180	180	180	180	1	0	180	0				
Recording065	ProVisioNET_study_110_02	Female	Novice	snapshop_B_nametag	14	snapshop_B_nametag	Nametag_Bianca	0	0	0	0	0	0	0	0	0	0	0	0	0	0	0	0	0	0	0	0	0	0	0	0	0	0	0	0	0	0	0	0	0	0	0	0	0	0	0	0	0	0	0	0	0	0	0	0																																																	160	160	160	160	1	0	160	Nametag_Bianca	Nametag_Bianca	0				0			160	160	160	160	1	0	160	160	160	160	160	1	0	160	0				
Recording065	ProVisioNET_study_110_02	Female	Novice	snapshop_B_nametag	15	snapshop_B_nametag	Nametag_Bianca	0	0	0	0	0	0	0	0	0	0	0	0	0	0	0	0	0	0	0	0	0	0	0	0	0	0	0	0	0	0	0	0	0	0	0	0	0	0	0	0	0	0	0	0	0	0	0	0																																																	180	180	180	180	1	0	180	Nametag_Bianca	Nametag_Bianca	0				0			180	180	180	180	1	0	180	180	180	180	180	1	0	180	0				
Recording065	ProVisioNET_study_110_02	Female	Novice	snapshop_board_screen	1	snapshop_board_screen	Board_Screen	0	0	0	0	0	0	0	0	0	0	0	0	0	0	0	0	0	0	0	0	0	0	0	0	0	0	0	0	0	0	0	0	0	0	0	0	0	0	0	0	0	0	0	0	0	0	0	0																																																	140	140	140	140	1	0	140	Board_Screen		0				0			160	160	160	160	1	0	160	160	160	160	160	1	0	160	0				
Recording065	ProVisioNET_study_110_02	Female	Novice	snapshop_board_screen	2	snapshop_board_screen	Board_Screen	0	0	0	0	0	0	0	0	0	0	0	0	0	0	0	0	0	0	0	0	0	0	0	0	0	0	0	0	0	0	0	0	0	0	0	0	0	0	0	0	0	0	0	0	0	0	0	0																																																	2319	178	100	280	13	140	280	Board_Screen	Board_Screen	0				0			5517	5517	5517	5517	1	0	5517	5517	5517	5517	5517	1	0	5517	15				
Recording065	ProVisioNET_study_110_02	Female	Novice	snapshop_board_screen	3	snapshop_board_screen	Board_Screen	0	0	0	0	0	0	0	0	0	0	0	0	0	0	0	0	0	0	0	0	0	0	0	0	0	0	0	0	0	0	0	0	0	0	0	0	0	0	0	0	0	0	0	0	0	0	0	0																																																	899	225	200	260	4	0	220	Board_Screen	Board_Screen	0				0			1399	1399	1399	1399	1	0	1399	1399	1399	1399	1399	1	0	1399	3				
Recording065	ProVisioNET_study_110_02	Female	Novice	snapshop_board_screen	4	snapshop_board_screen	Board_Screen	0	0	0	0	0	0	0	0	0	0	0	0	0	0	0	0	0	0	0	0	0	0	0	0	0	0	0	0	0	0	0	0	0	0	0	0	0	0	0	0	0	0	0	0	0	0	0	0																																																	2559	233	80	480	11	0	120	Board_Screen	Board_Screen	0				0			3098	3098	3098	3098	1	0	3098	3098	3098	3098	3098	1	0	3098	8				
Recording065	ProVisioNET_study_110_02	Female	Novice	snapshop_board_screen	5	snapshop_board_screen	Board_Screen	0	0	0	0	0	0	0	0	0	0	0	0	0	0	0	0	0	0	0	0	0	0	0	0	0	0	0	0	0	0	0	0	0	0	0	0	0	0	0	0	0	0	0	0	0	0	0	0																																																	1619	231	80	380	7	0	80	Board_Screen	Board_Screen	0				0			1779	1779	1779	1779	1	0	1779	1779	1779	1779	1779	1	0	1779	6				
Recording065	ProVisioNET_study_110_02	Female	Novice	snapshop_board_screen	6	snapshop_board_screen	Board_Screen	0	0	0	0	0	0	0	0	0	0	0	0	0	0	0	0	0	0	0	0	0	0	0	0	0	0	0	0	0	0	0	0	0	0	0	0	0	0	0	0	0	0	0	0	0	0	0	0																																																	380	95	80	120	4	0	120	Board_Screen	Board_Screen	0				0			740	740	740	740	1	0	740	740	740	740	740	1	0	740	2				
Recording065	ProVisioNET_study_110_02	Female	Novice	snapshop_board_screen	7	snapshop_board_screen	Board_Screen	0	0	0	0	0	0	0	0	0	0	0	0	0	0	0	0	0	0	0	0	0	0	0	0	0	0	0	0	0	0	0	0	0	0	0	0	0	0	0	0	0	0	0	0	0	0	0	0																																																	640	160	80	240	4	0	80	Board_Screen	Board_Screen	0				0			700	700	700	700	1	0	700	700	700	700	700	1	0	700	3				
Recording065	ProVisioNET_study_110_02	Female	Novice	snapshop_board_screen	8	snapshop_board_screen	Board_Screen	0	0	0	0	0	0	0	0	0	0	0	0	0	0	0	0	0	0	0	0	0	0	0	0	0	0	0	0	0	0	0	0	0	0	0	0	0	0	0	0	0	0	0	0	0	0	0	0																																																	7296	663	80	1519	11	140	160	Board_Screen	Board_Screen	0				0			11633	11633	11633	11633	1	0	11633	11633	11633	11633	11633	1	0	11633	10				
Recording065	ProVisioNET_study_110_02	Female	Novice	snapshop_board_screen	9	snapshop_board_screen	Board_Screen	0	0	0	0	0	0	0	0	0	0	0	0	0	0	0	0	0	0	0	0	0	0	0	0	0	0	0	0	0	0	0	0	0	0	0	0	0	0	0	0	0	0	0	0	0	0	0	0																																																	7136	285	100	939	25	0	180	Board_Screen	Board_Screen	0				0			12653	12653	12653	12653	1	0	12653	12653	12653	12653	12653	1	0	12653	21				
Recording065	ProVisioNET_study_110_02	Female	Novice	snapshop_board_screen	10	snapshop_board_screen	Board_Screen	0	0	0	0	0	0	0	0	0	0	0	0	0	0	0	0	0	0	0	0	0	0	0	1	0	0	0	0	0	0	0	0	0	0	0	0	0	0	1	0	0	0	0	0	0	0	0	0																								2464															3170										919	230	100	400	4	0	300	Board_Screen	Board_Screen	0				0			4917	4917	4917	4917	1	0	4917	4917	4917	4917	4917	1	0	4917	4				
Recording065	ProVisioNET_study_110_02	Female	Novice	snapshop_board_screen	11	snapshop_board_screen	Board_Screen	0	0	0	0	0	0	0	0	0	0	0	0	0	0	0	0	0	0	0	0	0	0	0	0	0	0	0	0	0	0	0	0	0	0	0	0	0	0	0	0	0	0	0	0	0	0	0	0																																																	1219	203	160	300	6	0	160	Board_Screen	Board_Screen	0				0			1439	1439	1439	1439	1	0	1439	1439	1439	1439	1439	1	0	1439	5				
Recording065	ProVisioNET_study_110_02	Female	Novice	snapshop_board_screen	12	snapshop_board_screen	Board_Screen	0	0	0	0	0	0	0	0	0	0	0	0	0	0	0	0	0	0	0	0	0	0	0	0	0	0	0	0	0	0	0	0	0	0	0	0	0	0	0	0	0	0	0	0	0	0	0	0																																																	500	500	500	500	1	0	500	Board_Screen	Board_Screen	0				0			500	500	500	500	1	0	500	500	500	500	500	1	0	500	0				
Recording065	ProVisioNET_study_110_02	Female	Novice	snapshop_board_screen	13	snapshop_board_screen	Board_Screen	0	0	0	0	0	0	0	0	0	0	0	0	0	0	0	0	0	0	0	0	0	0	0	0	0	0	0	0	0	0	0	0	0	0	0	0	0	0	0	0	0	0	0	0	0	0	0	0																																																	1599	533	200	919	3	0	480	Board_Screen	Board_Screen	0				0			1679	1679	1679	1679	1	0	1679	1679	1679	1679	1679	1	0	1679	2				
Recording065	ProVisioNET_study_110_02	Female	Novice	snapshop_board_screen	14	snapshop_board_screen	Board_Screen	0	0	0	0	0	0	0	0	0	0	0	0	0	0	0	0	0	0	0	0	0	0	0	0	0	0	0	0	0	0	0	0	0	0	0	0	0	0	0	0	0	0	0	0	0	0	0	0																																																	3078	342	100	1099	9	0	140	Board_Screen	Board_Screen	0				0			5977	5977	5977	5977	1	0	5977	5977	5977	5977	5977	1	0	5977	10				
Recording065	ProVisioNET_study_110_02	Female	Novice	snapshop_board_screen	15	snapshop_board_screen	Board_Screen	0	0	0	0	0	0	0	0	0	0	0	0	0	0	0	0	0	0	0	0	0	0	0	0	0	0	0	0	0	0	0	0	0	0	0	0	0	0	0	0	0	0	0	0	0	0	0	0																																																	12992	481	80	2179	27	0	480	Board_Screen	Board_Screen	0				0			28183	28183	28183	28183	1	0	28183	28183	28183	28183	28183	1	0	28183	25				
Recording065	ProVisioNET_study_110_02	Female	Novice	snapshop_board_screen	16	snapshop_board_screen	Board_Screen	0	0	0	0	0	0	0	0	0	0	0	0	0	0	0	0	0	0	0	0	0	0	0	0	0	0	0	0	0	0	0	0	0	0	0	0	0	0	0	0	0	0	1	0	0	0	0	0																																											19315						12173	435	80	2658	28	0	1579	Board_Screen	Board_Screen	0				0			24406	24406	24406	24406	1	0	24406	24406	24406	24406	24406	1	0	24406	31				
Recording065	ProVisioNET_study_110_02	Female	Novice	snapshop_board_screen	17	snapshop_board_screen	Board_Screen	0	0	0	0	0	0	0	0	0	0	0	0	0	0	0	0	0	0	0	0	0	0	0	0	0	0	0	0	0	0	0	0	0	0	0	0	0	0	0	0	0	0	0	0	0	0	0	0																																																	520	260	200	320	2	40	200	Board_Screen		0				0			660	660	660	660	1	0	660	660	660	660	660	1	0	660	0				
Recording065	ProVisioNET_study_110_02	Female	Novice	snapshop_board_screen	18	snapshop_board_screen	Board_Screen	0	0	0	0	0	0	0	0	0	0	0	0	0	0	0	0	0	0	0	0	0	0	0	0	0	0	0	0	0	0	0	0	0	0	0	0	0	0	0	0	0	0	0	0	0	0	0	0																																																	6396	355	100	1099	18	0	240	Board_Screen	Board_Screen	0				0			16890	16890	16890	16890	1	0	16890	16890	16890	16890	16890	1	0	16890	25				
Recording065	ProVisioNET_study_110_02	Female	Novice	snapshop_board_screen	19	snapshop_board_screen	Board_Screen	0	0	0	0	0	0	0	0	0	0	0	0	0	0	0	0	0	0	0	0	0	0	0	0	0	0	0	0	0	0	0	0	0	0	0	0	0	0	0	0	0	0	0	0	0	0	0	0																																																	819	273	160	420	3	0	420	Board_Screen	Board_Screen	0				0			1919	1919	1919	1919	1	0	1919	1919	1919	1919	1919	1	0	1919	3				
Recording065	ProVisioNET_study_110_02	Female	Novice	snapshop_board_screen	20	snapshop_board_screen	Board_Screen	0	0	0	0	0	0	0	0	0	0	0	0	0	0	0	0	0	0	0	0	0	0	0	0	0	0	0	0	0	0	0	0	0	0	0	0	0	0	0	0	0	0	0	0	0	0	0	0																																																	4517	645	80	2658	7	120	100	Board_Screen	Board_Screen	0				0			9434	9434	9434	9434	1	0	9434	9434	9434	9434	9434	1	0	9434	14				
Recording065	ProVisioNET_study_110_02	Female	Novice	snapshop_board_screen	21	snapshop_board_screen	Board_Screen	0	0	0	0	0	0	0	0	0	0	0	0	0	0	0	0	0	0	0	0	0	0	0	0	0	0	0	0	0	0	0	0	0	0	0	0	0	0	0	0	0	0	0	0	0	0	0	0																																																	3158	316	80	720	10	0	220	Board_Screen		0				0			11553	11553	11553	11553	1	0	11553	11553	11553	11553	11553	1	0	11553	8				
Recording065	ProVisioNET_study_110_02	Female	Novice	snapshop_board_screen	22	snapshop_board_screen	Board_Screen	0	0	0	0	0	0	0	0	0	0	0	0	0	0	0	0	0	0	0	0	0	0	0	0	0	0	0	0	0	0	0	0	0	0	0	0	0	0	0	0	0	0	0	0	0	0	0	0																																																	3658	406	120	1359	9	0	240	Board_Screen	Board_Screen	0				0			7755	7755	7755	7755	1	0	7755	7755	7755	7755	7755	1	0	7755	6				
Recording065	ProVisioNET_study_110_02	Female	Novice	snapshop_board_screen	23	snapshop_board_screen	Board_Screen	0	0	0	0	0	0	0	0	0	0	0	0	0	0	0	0	0	0	0	0	0	0	0	0	0	0	0	0	0	0	0	0	0	0	0	0	0	0	0	0	0	0	0	0	0	0	0	0																																																	8015	617	80	4617	13	0	140	Board_Screen	Board_Screen	0				0			19069	19069	19069	19069	1	0	19069	19069	19069	19069	19069	1	0	19069	24				
Recording065	ProVisioNET_study_110_02	Female	Novice	snapshop_board_screen	24	snapshop_board_screen	Board_Screen	0	0	0	0	0	0	0	0	0	0	0	0	0	0	0	0	0	0	0	0	0	0	0	0	0	0	0	0	0	0	0	0	0	0	0	0	0	0	0	0	0	0	0	0	0	0	0	0																																																	3278	546	100	1619	6	40	180	Board_Screen	Board_Screen	0				0			7835	7835	7835	7835	1	0	7835	7835	7835	7835	7835	1	0	7835	9				
Recording065	ProVisioNET_study_110_02	Female	Novice	snapshop_board_screen	25	snapshop_board_screen	Board_Screen	0	0	0	0	0	0	0	0	0	0	0	0	0	0	0	0	0	0	0	0	0	0	0	0	0	0	0	0	0	0	0	0	0	0	0	0	0	0	0	0	0	0	0	0	0	0	0	0																																																	10014	371	100	999	27	0	500	Board_Screen		0				0			16430	16430	16430	16430	1	0	16430	16430	16430	16430	16430	1	0	16430	22				
Recording065	ProVisioNET_study_110_02	Female	Novice	snapshop_board_screen	26	snapshop_board_screen	Board_Screen	0	0	0	0	0	0	0	0	0	0	0	0	0	0	0	0	0	0	0	1	1	0	0	0	0	0	0	0	0	0	0	0	0	0	0	0	0	0	0	0	0	0	0	0	0	0	0	0																				3538	3538																												4217	469	80	1319	9	0	520	Board_Screen	Board_Screen	0				0			10954	10954	10954	10954	1	0	10954	10954	10954	10954	10954	1	0	10954	16				
Recording065	ProVisioNET_study_110_02	Female	Novice	snapshop_board_screen	27	snapshop_board_screen	Board_Screen	0	0	0	0	0	0	0	0	0	0	0	0	0	0	0	0	0	0	0	0	0	0	0	0	0	0	0	0	0	0	0	0	0	0	0	0	0	0	0	0	0	0	0	0	0	0	0	0																																																	11573	463	80	2738	25	0	240	Board_Screen	Board_Screen	0				0			21108	21108	21108	21108	1	0	21108	21108	21108	21108	21108	1	0	21108	32				
Recording065	ProVisioNET_study_110_02	Female	Novice	snapshop_board_screen	28	snapshop_board_screen	Board_Screen	0	0	0	0	0	0	0	0	0	0	0	0	0	0	0	0	0	0	0	0	0	0	0	0	0	0	0	0	0	0	0	0	0	0	0	0	0	0	0	0	0	0	0	0	0	0	0	0																																																	5477	288	120	620	19	0	140	Board_Screen	Board_Screen	0				0			11313	11313	11313	11313	1	0	11313	11313	11313	11313	11313	1	0	11313	24				
Recording065	ProVisioNET_study_110_02	Female	Novice	snapshop_board_screen	29	snapshop_board_screen	Board_Screen	0	0	0	0	0	0	0	0	0	0	0	0	0	0	0	1	0	0	0	0	0	0	0	0	0	0	0	0	0	0	0	0	0	0	0	0	0	0	0	0	0	0	0	0	0	0	0	0																1488																																	3778	291	100	680	13	0	120	Board_Screen	Board_Screen	0				0			8155	8155	8155	8155	1	0	8155	8155	8155	8155	8155	1	0	8155	11				
Recording065	ProVisioNET_study_110_02	Female	Novice	snapshop_board_screen	30	snapshop_board_screen	Board_Screen	0	0	0	0	0	0	0	0	0	0	0	0	0	0	0	0	0	0	0	0	0	0	0	0	0	0	0	0	0	0	0	0	0	0	0	0	0	0	0	0	0	0	0	0	0	0	0	0																																																	760	760	760	760	1	0	760	Board_Screen	Board_Screen	0				0			760	760	760	760	1	0	760	760	760	760	760	1	0	760	0				
Recording065	ProVisioNET_study_110_02	Female	Novice	snapshop_board_screen	31	snapshop_board_screen	Board_Screen	0	0	0	0	0	0	0	0	0	0	0	0	0	0	0	0	0	0	0	0	0	0	0	0	0	0	0	0	0	0	0	0	0	0	0	0	0	0	0	0	0	0	0	0	0	0	0	0																																																	1099	220	120	320	5	0	120	Board_Screen	Board_Screen	0				0			1999	1999	1999	1999	1	0	1999	1999	1999	1999	1999	1	0	1999	3				
Recording065	ProVisioNET_study_110_02	Female	Novice	snapshop_board_screen	32	snapshop_board_screen	Board_Screen	0	0	0	0	0	0	0	0	0	0	0	0	0	0	0	0	0	0	0	0	0	0	0	0	0	0	0	0	0	0	0	0	0	0	0	0	0	0	0	0	0	0	0	0	0	0	0	0																																																	120	120	120	120	1	120	120	Board_Screen	Board_Screen	0				0			240	240	240	240	1	0	240	240	240	240	240	1	0	240	1				
Recording065	ProVisioNET_study_110_02	Female	Novice	snapshop_board_screen	33	snapshop_board_screen	Board_Screen	0	0	0	0	0	0	0	0	0	0	0	0	0	0	0	0	0	0	0	0	0	0	0	0	0	0	0	0	0	0	0	0	0	0	0	0	0	0	0	0	0	0	0	0	0	0	0	0																																																	1279	183	80	340	7	0	80	Board_Screen	Board_Screen	0				0			5177	5177	5177	5177	1	0	5177	5177	5177	5177	5177	1	0	5177	4				
Recording065	ProVisioNET_study_110_02	Female	Novice	snapshop_board_screen	34	snapshop_board_screen	Board_Screen	0	0	0	0	0	0	0	0	0	0	0	0	0	0	0	0	0	0	0	0	0	0	0	0	0	0	0	0	0	0	0	0	0	0	0	0	0	0	0	0	0	0	0	0	0	0	0	0																																																	400	133	100	160	3	0	100	Board_Screen	Board_Screen	0				0			580	580	580	580	1	0	580	580	580	580	580	1	0	580	1				
Recording065	ProVisioNET_study_110_02	Female	Novice	snapshop_board_screen	35	snapshop_board_screen	Board_Screen	0	0	0	0	0	0	0	0	0	0	0	0	0	0	0	0	0	0	0	0	0	0	0	0	0	0	0	0	0	0	0	0	0	0	0	0	0	0	0	0	0	0	0	0	0	0	0	0																																																	1919	274	120	640	7	0	220	Board_Screen	Board_Screen	0				0			2239	2239	2239	2239	1	0	2239	2239	2239	2239	2239	1	0	2239	5				
Recording065	ProVisioNET_study_110_02	Female	Novice	snapshop_board_screen	36	snapshop_board_screen	Board_Screen	0	0	0	0	0	0	0	0	0	0	0	0	0	0	0	0	1	0	0	0	0	0	0	0	0	0	0	0	0	0	0	0	0	0	0	0	0	0	0	0	0	0	0	0	0	0	0	0																	1692																																10374	247	100	540	42	0	120	Board_Screen	Board_Screen	0				0			15971	15971	15971	15971	1	0	15971	15971	15971	15971	15971	1	0	15971	30				
Recording065	ProVisioNET_study_110_02	Female	Novice	snapshop_board_screen	37	snapshop_board_screen	Board_Screen	0	0	0	0	0	0	0	0	0	0	0	0	0	0	0	0	0	0	0	0	0	0	0	0	0	0	0	0	0	0	0	0	0	0	0	0	0	0	0	0	0	0	0	0	0	0	0	0																																																	620	207	100	320	3	0	320	Board_Screen	Board_Screen	0				0			660	660	660	660	1	0	660	660	660	660	660	1	0	660	2				
Recording065	ProVisioNET_study_110_02	Female	Novice	snapshop_board_screen	38	snapshop_board_screen	Board_Screen	0	0	0	0	0	0	0	0	0	0	0	0	0	0	0	0	0	0	0	0	0	0	0	0	0	0	0	0	0	0	0	0	0	0	0	0	0	0	0	0	0	0	0	0	0	0	0	0																																																	1219	152	80	260	8	0	80	Board_Screen	Board_Screen	0				0			1459	1459	1459	1459	1	0	1459	1459	1459	1459	1459	1	0	1459	7				
Recording065	ProVisioNET_study_110_02	Female	Novice	snapshop_board_screen	39	snapshop_board_screen	Board_Screen	0	0	0	0	0	0	0	0	0	0	0	0	0	0	0	0	0	0	0	0	0	0	0	0	0	0	0	0	0	0	0	0	0	0	0	0	0	0	0	0	0	0	0	0	0	0	0	0																																																	6756	397	80	1699	17	0	80	Board_Screen	Board_Screen	0				0			8895	8895	8895	8895	1	0	8895	8895	8895	8895	8895	1	0	8895	15				
Recording065	ProVisioNET_study_110_02	Female	Novice	snapshop_board_screen	40	snapshop_board_screen	Board_Screen	0	0	0	0	0	0	0	0	0	0	0	0	0	0	0	0	0	0	0	0	0	0	0	0	0	0	0	0	0	0	0	0	0	0	0	0	0	0	0	0	0	0	0	0	0	0	0	0																																																	2459	2459	2459	2459	1	700	2459	Board_Screen	Board_Screen	0				0			3158	3158	3158	3158	1	0	3158	3158	3158	3158	3158	1	0	3158	0				
Recording065	ProVisioNET_study_110_02	Female	Novice	snapshop_board_screen	41	snapshop_board_screen	Board_Screen	0	0	0	0	0	0	0	0	0	0	0	0	0	0	0	0	0	0	0	0	0	0	0	0	0	0	0	0	0	0	1	0	0	0	0	0	0	0	0	0	0	0	0	0	0	0	0	0																															19818																		23806	794	80	5857	30	0	80	Board_Screen	Board_Screen	0				0			39317	39317	39317	39317	1	0	39317	39317	39317	39317	39317	1	0	39317	27				
Recording065	ProVisioNET_study_110_02	Female	Novice	snapshop_board_screen	42	snapshop_board_screen	Board_Screen	0	0	0	0	0	0	0	0	0	0	0	0	1	0	0	0	0	0	0	0	0	0	0	0	0	0	0	0	0	0	0	0	0	0	0	0	0	0	0	0	0	0	0	0	0	0	0	0													24779																																				18169	826	100	6916	22	0	919	Board_Screen	Board_Screen	0				0			27024	27024	27024	27024	1	0	27024	27024	27024	27024	27024	1	0	27024	16				
Recording065	ProVisioNET_study_110_02	Female	Novice	snapshop_board_screen	43	snapshop_board_screen	Board_Screen	0	0	0	0	0	0	0	0	0	0	0	0	0	0	0	0	0	0	0	0	0	0	0	0	0	0	0	0	0	0	0	0	0	0	0	0	0	0	0	0	0	0	0	0	0	0	0	0																																																	11793	407	80	1539	29	0	240	Board_Screen	Board_Screen	0				0			19968	19968	19968	19968	1	0	19968	19968	19968	19968	19968	1	0	19968	26				
Recording065	ProVisioNET_study_110_02	Female	Novice	snapshop_board_screen	44	snapshop_board_screen	Board_Screen	0	0	0	0	0	0	0	0	0	0	0	0	0	0	0	0	0	0	0	0	0	0	0	0	0	0	0	0	0	0	0	0	0	0	0	0	0	0	0	0	0	0	0	0	0	0	0	0																																																	23126	492	80	3478	47	0	100	Board_Screen	Board_Screen	0				0			38397	38397	38397	38397	1	0	38397	38397	38397	38397	38397	1	0	38397	48				
Recording065	ProVisioNET_study_110_02	Female	Novice	snapshop_board_screen	45	snapshop_board_screen	Board_Screen	0	0	0	0	0	0	0	0	0	0	0	0	0	0	0	0	0	0	0	0	0	0	0	0	0	0	0	0	0	0	0	0	0	0	0	0	0	0	0	0	0	0	0	0	0	0	0	0																																																	1219	406	200	580	3	0	200	Board_Screen	Board_Screen	0				0			1279	1279	1279	1279	1	0	1279	1279	1279	1279	1279	1	0	1279	2				
Recording065	ProVisioNET_study_110_02	Female	Novice	snapshop_board_screen	46	snapshop_board_screen	Board_Screen	0	0	0	0	0	0	0	0	0	0	0	0	0	0	0	0	0	0	0	0	0	0	0	0	0	0	0	0	0	0	0	0	0	0	0	0	0	0	0	0	0	0	0	0	0	0	0	0																																																	700	233	80	500	3	0	80	Board_Screen	Board_Screen	0				0			760	760	760	760	1	0	760	760	760	760	760	1	0	760	2				
Recording065	ProVisioNET_study_110_02	Female	Novice	snapshop_board_screen	47	snapshop_board_screen	Board_Screen	0	0	0	0	0	0	0	0	0	0	0	0	0	0	0	0	0	0	0	0	0	0	0	0	0	0	0	0	0	0	0	0	0	0	0	0	0	0	0	0	0	0	0	0	0	0	0	0																																																	899	180	120	360	5	0	360	Board_Screen	Board_Screen	0				0			1059	1059	1059	1059	1	0	1059	1059	1059	1059	1059	1	0	1059	4				
Recording065	ProVisioNET_study_110_02	Female	Novice	snapshop_board_screen	48	snapshop_board_screen	Board_Screen	0	0	0	0	0	0	0	0	0	0	0	0	0	0	0	0	0	0	0	0	0	0	0	0	0	0	0	0	0	0	0	0	0	0	0	0	0	0	0	0	0	0	0	0	0	0	0	0																																																	1059	265	140	420	4	0	140	Board_Screen	Board_Screen	0				0			2199	2199	2199	2199	1	0	2199	2199	2199	2199	2199	1	0	2199	1				
Recording065	ProVisioNET_study_110_02	Female	Novice	snapshop_board_screen	49	snapshop_board_screen	Board_Screen	0	0	0	0	0	0	0	1	0	0	0	0	0	0	0	0	0	0	0	0	0	0	0	0	0	0	0	0	0	0	0	0	0	0	0	0	0	0	0	0	0	0	0	0	0	0	0	0								1717																																									5037	315	80	1059	16	0	160	Board_Screen	Board_Screen	0				0			11533	11533	11533	11533	1	0	11533	11533	11533	11533	11533	1	0	11533	10				
Recording065	ProVisioNET_study_110_02	Female	Novice	snapshop_board_screen	50	snapshop_board_screen	Board_Screen	0	0	0	0	0	0	0	0	0	0	0	0	0	0	0	0	0	0	0	0	0	0	0	0	0	0	0	0	0	0	0	0	0	0	0	0	0	0	0	0	0	0	0	0	0	0	0	0																																																	10494	456	80	4178	23	0	160	Board_Screen	Board_Screen	0				0			16570	16570	16570	16570	1	0	16570	16570	16570	16570	16570	1	0	16570	20				
Recording065	ProVisioNET_study_110_02	Female	Novice	snapshop_board_screen	51	snapshop_board_screen	Board_Screen	0	0	0	0	0	0	0	0	0	0	0	0	0	0	0	0	0	0	0	0	0	0	0	0	0	0	0	0	0	0	0	0	0	0	0	0	0	0	0	0	0	0	0	0	0	0	0	0																																																	4637	290	80	1399	16	0	240	Board_Screen	Board_Screen	0				0			14291	14291	14291	14291	1	0	14291	14291	14291	14291	14291	1	0	14291	12				
Recording065	ProVisioNET_study_110_02	Female	Novice	snapshop_board_screen	52	snapshop_board_screen	Board_Screen	0	0	0	0	0	0	0	0	0	0	0	0	0	0	0	0	0	0	0	0	0	0	0	0	0	0	0	0	0	0	0	0	0	0	0	0	0	0	0	0	0	0	0	0	0	0	0	0																																																	1179	197	80	300	6	40	140	Board_Screen	Board_Screen	0				0			3858	3858	3858	3858	1	0	3858	3858	3858	3858	3858	1	0	3858	3				
Recording065	ProVisioNET_study_110_02	Female	Novice	snapshop_board_screen	53	snapshop_board_screen	Board_Screen	0	0	0	0	0	0	0	0	0	0	0	0	0	0	0	0	0	0	0	0	0	0	0	0	0	0	0	0	0	0	0	0	0	0	0	0	0	0	0	0	0	0	0	0	0	0	0	0																																																	919	306	140	460	3	0	140	Board_Screen	Board_Screen	0				0			2878	2878	2878	2878	1	0	2878	2878	2878	2878	2878	1	0	2878	5				
Recording065	ProVisioNET_study_110_02	Female	Novice	snapshop_board_screen	54	snapshop_board_screen	Board_Screen	0	0	0	0	0	0	0	0	0	0	0	0	0	0	0	0	0	0	0	0	0	0	0	0	0	0	0	0	0	0	0	0	0	0	0	0	0	0	0	0	0	0	0	0	0	0	0	0																																																	1519	380	120	1039	4	0	120	Board_Screen	Board_Screen	0				0			1619	1619	1619	1619	1	0	1619	1619	1619	1619	1619	1	0	1619	2				
Recording065	ProVisioNET_study_110_02	Female	Novice	snapshop_board_screen	55	snapshop_board_screen	Board_Screen	0	0	0	0	0	0	0	0	0	0	0	0	0	0	0	0	0	0	0	0	0	0	0	0	0	0	0	0	0	0	0	0	0	0	0	0	0	0	0	0	0	0	0	0	0	0	0	0																																																	600	200	120	340	3	0	340	Board_Screen	Board_Screen	0				0			700	700	700	700	1	0	700	700	700	700	700	1	0	700	1				
Recording065	ProVisioNET_study_110_02	Female	Novice	snapshop_board_screen	56	snapshop_board_screen	Board_Screen	0	0	0	0	0	0	0	0	0	0	0	0	0	0	0	0	0	0	0	0	0	0	0	0	0	0	0	0	0	0	0	0	0	0	0	0	0	0	0	0	0	0	0	0	0	0	0	0																																																	5437	340	80	780	16	0	160	Board_Screen	Board_Screen	0				0			5956	5956	5956	5956	1	0	5956	5956	5956	5956	5956	1	0	5956	13				
Recording065	ProVisioNET_study_110_02	Female	Novice	snapshop_C_nametag	1	snapshop_C_nametag	Nametag_Carl(a)	0	0	0	0	0	0	0	0	0	0	0	0	0	0	0	0	0	0	0	0	0	0	0	0	0	0	0	0	0	0	0	0	0	0	0	0	0	0	0	0	0	0	0	0	0	0	0	0																																																	160	160	160	160	1	0	160	Nametag_Carl(a)	Nametag_Carl(a)	0				0			160	160	160	160	1	0	160	160	160	160	160	1	0	160	0				
Recording065	ProVisioNET_study_110_02	Female	Novice	snapshop_C_nametag	2	snapshop_C_nametag	Nametag_Carl(a)	0	0	0	0	0	0	0	0	0	0	0	0	0	0	0	0	0	0	0	0	0	0	0	0	0	0	0	0	0	0	0	0	0	0	0	0	0	0	0	0	0	0	0	0	0	0	0	0																																																	200	200	200	200	1	0	200	Nametag_Carl(a)	Nametag_Carl(a)	0				0			200	200	200	200	1	0	200	200	200	200	200	1	0	200	0				
Recording065	ProVisioNET_study_110_02	Female	Novice	snapshop_C_nametag	3	snapshop_C_nametag	Nametag_Carl(a)	0	0	0	0	0	0	0	0	0	0	0	0	0	0	0	0	0	0	0	0	0	0	0	0	0	0	0	0	0	0	0	0	0	0	0	0	0	0	0	0	0	0	0	0	0	0	0	0																																																	380	190	180	200	2	0	180	Nametag_Carl(a)	Nametag_Carl(a)	0				0			1699	1699	1699	1699	1	0	1699	1699	1699	1699	1699	1	0	1699	3				
Recording065	ProVisioNET_study_110_02	Female	Novice	snapshop_C_nametag	4	snapshop_C_nametag	Nametag_Carl(a)	0	0	0	0	0	0	0	0	0	0	0	0	0	0	0	0	0	0	0	0	0	0	0	0	0	0	0	0	0	0	0	0	0	0	0	0	0	0	0	0	0	0	0	0	0	0	0	0																																																	180	180	180	180	1	0	180	Nametag_Carl(a)	Nametag_Carl(a)	0				0			180	180	180	180	1	0	180	180	180	180	180	1	0	180	0				
Recording065	ProVisioNET_study_110_02	Female	Novice	snapshop_C_nametag	5	snapshop_C_nametag	Nametag_Carl(a)	0	0	0	0	0	0	0	0	0	0	0	0	0	0	0	0	0	0	0	0	0	0	0	0	0	0	0	0	0	0	0	0	0	0	0	0	0	0	0	0	0	0	0	0	0	0	0	0																																																	380	190	180	200	2	0	200	Nametag_Carl(a)	Nametag_Carl(a)	0				0			2079	2079	2079	2079	1	0	2079	2079	2079	2079	2079	1	0	2079	4				
Recording065	ProVisioNET_study_110_02	Female	Novice	snapshop_C_nametag	6	snapshop_C_nametag	Nametag_Carl(a)	0	0	0	0	0	0	0	0	0	0	0	0	0	0	0	0	0	0	0	0	0	0	0	0	0	0	0	0	0	0	0	0	0	0	0	0	0	0	0	0	0	0	0	0	0	0	0	0																																																	280	280	280	280	1	0	280	Nametag_Carl(a)	Nametag_Carl(a)	0				0			280	280	280	280	1	0	280	280	280	280	280	1	0	280	0				
Recording065	ProVisioNET_study_110_02	Female	Novice	snapshop_C_nametag	7	snapshop_C_nametag	Nametag_Carl(a)	0	0	0	0	0	0	0	0	0	0	0	0	0	0	0	0	0	0	0	0	0	0	0	0	0	0	0	0	0	0	0	0	0	0	0	0	0	0	0	0	0	0	0	0	0	0	0	0																																																	420	420	420	420	1	0	420	Nametag_Carl(a)	Nametag_Carl(a)	0				0			420	420	420	420	1	0	420	420	420	420	420	1	0	420	0				
Recording065	ProVisioNET_study_110_02	Female	Novice	snapshop_C_nametag	8	snapshop_C_nametag	Nametag_Carl(a)	0	0	0	0	0	0	0	0	0	0	0	0	0	0	0	0	0	0	0	0	0	0	0	0	0	0	0	0	0	0	0	0	0	0	0	0	0	0	0	0	0	0	0	0	0	0	0	0																																																	200	200	200	200	1	0	200	Nametag_Carl(a)	Nametag_Carl(a)	0				0			200	200	200	200	1	0	200	200	200	200	200	1	0	200	0				
Recording065	ProVisioNET_study_110_02	Female	Novice	snapshop_C_nametag	9	snapshop_C_nametag	Nametag_Carl(a)	0	0	0	0	0	0	0	0	0	0	0	0	0	0	0	0	0	0	0	0	0	0	0	0	0	0	0	0	0	0	0	0	0	0	0	0	0	0	0	0	0	0	0	0	0	0	0	0																																																	280	280	280	280	1	0	280	Nametag_Carl(a)	Nametag_Carl(a)	0				0			280	280	280	280	1	0	280	280	280	280	280	1	0	280	0				
Recording065	ProVisioNET_study_110_02	Female	Novice	snapshop_C_nametag	10	snapshop_C_nametag	Nametag_Carl(a)	0	0	0	0	0	0	0	0	0	0	0	0	0	0	0	0	0	0	0	0	0	0	0	0	0	0	0	0	0	0	0	0	0	0	0	0	0	0	0	0	0	0	0	0	0	0	0	0																																																	280	280	280	280	1	0	280	Nametag_Carl(a)	Nametag_Carl(a)	0				0			280	280	280	280	1	0	280	280	280	280	280	1	0	280	0				
Recording065	ProVisioNET_study_110_02	Female	Novice	snapshop_C_nametag	11	snapshop_C_nametag	Nametag_Carl(a)	0	0	0	0	0	0	0	0	0	0	0	0	0	0	0	0	0	0	0	0	0	0	0	0	0	0	0	0	0	0	0	0	0	0	0	0	0	0	0	0	0	0	0	0	0	0	0	0																																																	160	160	160	160	1	0	160	Nametag_Carl(a)	Nametag_Carl(a)	0				0			160	160	160	160	1	0	160	160	160	160	160	1	0	160	0				
Recording065	ProVisioNET_study_110_02	Female	Novice	snapshopt_material_students	1	snapshopt_material_students	Material_Students	0	0	0	0	0	0	0	0	0	0	0	0	0	0	0	0	0	0	0	0	0	0	0	0	0	0	0	0	0	0	0	0	0	0	0	0	0	0	0	0	0	0	0	0	0	0	0	0																																																	620	620	620	620	1	0	620	Material_Students	Material_Students	0				0			620	620	620	620	1	0	620	620	620	620	620	1	0	620	0				
Recording065	ProVisioNET_study_110_02	Female	Novice	snapshopt_material_students	2	snapshopt_material_students	Material_Students	0	0	0	0	0	0	0	0	0	0	0	0	0	0	0	0	0	0	0	0	0	0	0	0	0	0	0	0	0	0	0	0	0	0	0	1	0	0	0	0	0	0	0	0	0	0	0	0																																				927													5936	5936	5936	5936	1	0	5936	Material_Students	Material_Students	0				0			5936	5936	5936	5936	1	0	5936	5936	5936	5936	5936	1	0	5936	0				
Recording065	ProVisioNET_study_110_02	Female	Novice	snapshopt_material_students	3	snapshopt_material_students	Material_Students	0	0	0	0	0	0	0	0	0	0	0	0	0	0	0	0	0	0	0	0	0	0	0	0	0	0	0	0	0	0	0	0	0	0	0	0	0	0	0	0	0	0	0	0	0	0	0	0																																																	200	200	200	200	1	0	200	Material_Students	Material_Students	0				0			200	200	200	200	1	0	200	200	200	200	200	1	0	200	0				
Recording065	ProVisioNET_study_110_02	Female	Novice	snapshopt_material_students	4	snapshopt_material_students	Material_Students	0	0	0	0	0	0	0	0	0	0	0	0	0	0	0	0	0	0	0	0	0	0	0	0	0	0	0	0	0	0	0	0	0	0	0	0	0	0	0	0	0	0	0	0	0	0	0	0																																																	420	420	420	420	1	0	420	Material_Students	Material_Students	0				0			420	420	420	420	1	0	420	420	420	420	420	1	0	420	0				
Recording065	ProVisioNET_study_110_02	Female	Novice	snapshopt_material_students	5	snapshopt_material_students	Material_Students	0	0	0	0	0	0	0	0	0	0	0	0	0	0	0	0	0	0	0	0	0	0	0	0	0	0	0	0	0	0	0	0	0	0	0	0	0	0	0	0	0	0	0	0	0	0	0	0																																																	460	460	460	460	1	0	460	Material_Students	Material_Students	0				0			460	460	460	460	1	0	460	460	460	460	460	1	0	460	0				
Recording065	ProVisioNET_study_110_02	Female	Novice	snapshopt_material_students	6	snapshopt_material_students	Material_Students	0	0	0	0	0	0	0	0	0	0	0	0	0	0	0	0	0	0	0	0	0	0	0	0	0	0	0	0	0	0	0	0	0	0	0	0	0	0	0	0	0	0	0	0	0	0	0	0																																																	220	220	220	220	1	0	220	Material_Students	Material_Students	0				0			220	220	220	220	1	0	220	220	220	220	220	1	0	220	0				
Recording065	ProVisioNET_study_110_02	Female	Novice	snapshopt_material_students	7	snapshopt_material_students	Material_Students	0	0	0	0	0	0	0	0	0	0	0	0	0	0	0	0	0	0	0	0	0	0	0	0	0	0	0	0	0	0	0	0	0	0	0	0	0	0	0	0	0	0	0	0	0	0	0	0																																																	220	220	220	220	1	0	220	Material_Students	Material_Students	0				0			220	220	220	220	1	0	220	220	220	220	220	1	0	220	0				
Recording065	ProVisioNET_study_110_02	Female	Novice	snapshopt_material_students	8	snapshopt_material_students	Material_Students	0	0	0	0	0	0	0	0	0	0	0	0	0	0	0	0	0	0	0	0	0	0	0	0	0	0	0	0	0	0	0	0	0	0	0	0	0	0	0	0	0	0	0	0	0	0	0	0																																																	7256	1209	380	3498	6	0	999	Material_Students	Material_Students	0				0			18389	18389	18389	18389	1	0	18389	18389	18389	18389	18389	1	0	18389	20				
Recording065	ProVisioNET_study_110_02	Female	Novice	snapshopt_material_students	9	snapshopt_material_students	Material_Students	0	0	0	0	0	0	0	0	0	0	0	0	0	0	0	0	0	0	0	0	0	0	0	0	0	0	0	0	0	0	0	0	0	0	0	0	0	0	0	0	0	0	0	0	0	0	0	0																																																	2978	496	120	1119	6	0	1119	Material_Students	Material_Students	0				0			12213	12213	12213	12213	1	0	12213	12213	12213	12213	12213	1	0	12213	19				
Recording065	ProVisioNET_study_110_02	Female	Novice	snapshot_classroom_others	1	snapshot_classroom_others	Classroom_Others	0	0	0	0	0	0	0	0	0	0	0	0	0	0	0	0	0	0	0	0	0	0	0	0	0	0	0	0	0	0	0	0	0	0	0	0	0	0	0	0	0	0	0	0	0	0	0	0																																																	2559	320	120	640	8	0	380	Classroom_Others	Classroom_Others	0				0			3698	3698	3698	3698	1	0	3698	3698	3698	3698	3698	1	0	3698	5				
Recording065	ProVisioNET_study_110_02	Female	Novice	snapshot_classroom_others	2	snapshot_classroom_others	Classroom_Others	0	0	0	0	0	0	0	0	0	0	0	0	0	0	0	0	0	0	0	0	0	0	0	0	0	0	0	0	0	0	0	0	0	0	0	0	0	0	0	0	0	0	0	0	0	0	0	0																																																	720	103	80	140	7	0	140	Classroom_Others	Classroom_Others	0				0			7156	7156	7156	7156	1	0	7156	7156	7156	7156	7156	1	0	7156	8				
Recording065	ProVisioNET_study_110_02	Female	Novice	snapshot_classroom_others	3	snapshot_classroom_others	Classroom_Others	0	0	0	0	0	0	0	0	0	0	0	0	0	0	0	0	0	0	0	0	0	0	0	0	0	0	0	0	0	0	0	0	0	0	0	0	0	0	0	0	0	0	0	0	0	0	0	0																																																	1079	540	340	740	2	0	740	Classroom_Others	Classroom_Others	0				0			1119	1119	1119	1119	1	0	1119	1119	1119	1119	1119	1	0	1119	1				
Recording065	ProVisioNET_study_110_02	Female	Novice	snapshot_classroom_others	4	snapshot_classroom_others	Classroom_Others	0	0	0	0	0	0	0	0	0	0	0	0	0	0	0	0	0	0	0	0	0	0	0	0	0	0	0	0	0	0	0	0	0	0	0	0	0	0	0	0	0	0	0	0	0	0	0	0																																																	80	80	80	80	1	0	80	Classroom_Others	Classroom_Others	0				0			80	80	80	80	1	0	80	80	80	80	80	1	0	80	0				
Recording065	ProVisioNET_study_110_02	Female	Novice	snapshot_classroom_others	5	snapshot_classroom_others	Classroom_Others	0	0	0	0	0	0	0	0	0	0	0	0	0	0	0	0	0	0	0	0	0	0	0	0	0	0	0	0	0	0	0	0	0	0	0	0	0	0	0	0	0	0	0	0	0	0	0	0																																																	120	120	120	120	1	0	120	Classroom_Others	Classroom_Others	0				0			120	120	120	120	1	0	120	120	120	120	120	1	0	120	0				
Recording065	ProVisioNET_study_110_02	Female	Novice	snapshot_classroom_others	6	snapshot_classroom_others	Classroom_Others	0	0	0	0	0	0	0	0	0	0	0	0	0	0	0	0	0	0	0	0	0	0	0	0	0	0	0	0	0	0	0	0	0	0	0	0	0	0	0	0	0	0	0	0	0	0	0	0																																																	1439	720	100	1339	2	0	1339	Classroom_Others	Classroom_Others	0				0			1559	1559	1559	1559	1	0	1559	1559	1559	1559	1559	1	0	1559	0				
Recording065	ProVisioNET_study_110_02	Female	Novice	snapshot_classroom_others	7	snapshot_classroom_others	Classroom_Others	0	0	0	0	0	0	0	0	0	0	0	0	0	0	0	0	0	0	0	0	0	0	0	0	0	0	0	0	0	0	0	0	0	0	0	0	0	0	0	0	0	0	0	0	0	0	0	0																																																	340	170	100	240	2	0	100	Classroom_Others	Classroom_Others	0				0			1699	1699	1699	1699	1	0	1699	1699	1699	1699	1699	1	0	1699	3				
Recording065	ProVisioNET_study_110_02	Female	Novice	snapshot_classroom_others	8	snapshot_classroom_others	Classroom_Others	0	0	0	0	0	0	0	0	0	0	0	0	0	0	0	0	0	0	0	0	0	0	0	0	0	0	0	0	0	0	0	0	0	0	0	0	0	0	0	0	0	0	0	0	0	0	0	0																																																	160	160	160	160	1	0	160	Classroom_Others	Classroom_Others	0				0			160	160	160	160	1	0	160	160	160	160	160	1	0	160	0				
Recording065	ProVisioNET_study_110_02	Female	Novice	snapshot_classroom_others	9	snapshot_classroom_others	Classroom_Others	0	0	0	0	0	0	0	0	0	0	0	0	0	0	0	0	0	0	0	0	0	0	0	0	0	0	0	0	0	0	0	0	0	0	0	0	0	0	0	0	0	0	0	0	0	0	0	0																																																	220	220	220	220	1	0	220	Classroom_Others	Classroom_Others	0				0			220	220	220	220	1	0	220	220	220	220	220	1	0	220	0				
Recording065	ProVisioNET_study_110_02	Female	Novice	snapshot_classroom_others	10	snapshot_classroom_others	Classroom_Others	0	0	0	0	0	0	0	0	0	0	0	0	0	0	0	0	0	0	0	0	0	0	0	0	0	0	0	0	0	0	0	0	0	0	0	0	0	0	0	0	0	0	0	0	0	0	0	0																																																	520	173	160	180	3	0	180	Classroom_Others	Classroom_Others	0				0			1579	1579	1579	1579	1	0	1579	1579	1579	1579	1579	1	0	1579	2				
Recording065	ProVisioNET_study_110_02	Female	Novice	snapshot_classroom_others	11	snapshot_classroom_others	Classroom_Others	0	0	0	0	0	0	0	0	0	0	0	0	0	0	0	0	0	0	0	0	0	0	0	0	0	0	0	0	0	0	0	0	0	0	0	0	0	0	0	0	0	0	0	0	0	0	0	0																																																	120	120	120	120	1	0	120	Classroom_Others	Classroom_Others	0				0			120	120	120	120	1	0	120	120	120	120	120	1	0	120	0				
Recording065	ProVisioNET_study_110_02	Female	Novice	snapshot_classroom_others	12	snapshot_classroom_others	Classroom_Others	0	0	0	0	0	0	0	0	0	0	0	0	0	0	0	0	0	0	0	0	0	0	0	0	0	0	0	0	0	0	0	0	0	0	0	0	0	0	0	0	0	0	0	0	0	0	0	0																																																	340	340	340	340	1	0	340	Classroom_Others	Classroom_Others	0				0			340	340	340	340	1	0	340	340	340	340	340	1	0	340	0				
Recording065	ProVisioNET_study_110_02	Female	Novice	snapshot_classroom_others	13	snapshot_classroom_others	Classroom_Others	0	0	0	0	0	0	0	0	0	0	0	0	0	0	0	0	0	0	0	0	0	0	0	0	0	0	0	0	0	0	0	0	0	0	0	0	0	0	0	0	0	0	0	0	0	0	0	0																																																	640	160	120	200	4	0	160	Classroom_Others	Classroom_Others	0				0			5217	5217	5217	5217	1	0	5217	5217	5217	5217	5217	1	0	5217	9				
Recording065	ProVisioNET_study_110_02	Female	Novice	snapshot_classroom_others	14	snapshot_classroom_others	Classroom_Others	0	0	0	0	0	0	0	0	0	0	0	0	0	0	0	0	0	0	0	0	0	0	0	0	0	0	0	0	0	0	0	0	0	0	0	0	0	0	0	0	0	0	0	0	0	0	0	0																																																	100	100	100	100	1	0	100	Classroom_Others	Classroom_Others	0				0			100	100	100	100	1	0	100	100	100	100	100	1	0	100	0				
Recording065	ProVisioNET_study_110_02	Female	Novice	snapshot_classroom_others	15	snapshot_classroom_others	Classroom_Others	0	0	0	0	0	0	0	0	0	0	0	0	0	0	0	0	0	0	0	0	0	0	0	0	0	0	0	0	0	0	0	0	0	0	0	0	0	0	0	0	1	0	0	0	1	0	0	0																																									11473				10522				2159	308	140	1039	7	0	180	Classroom_Others	Classroom_Others	0				0			11573	11573	11573	11573	1	0	11573	11573	11573	11573	11573	1	0	11573	18				
Recording065	ProVisioNET_study_110_02	Female	Novice	snapshot_classroom_others	16	snapshot_classroom_others	Classroom_Others	0	0	0	0	0	0	0	0	0	0	0	0	0	0	0	0	0	0	0	0	0	0	0	0	0	0	0	0	0	0	0	0	0	0	0	0	0	0	0	0	0	0	0	0	0	0	0	0																																																	260	260	260	260	1	180	260	Classroom_Others	Classroom_Others	0				0			440	440	440	440	1	0	440	440	440	440	440	1	0	440	0				
Recording065	ProVisioNET_study_110_02	Female	Novice	snapshot_classroom_others	17	snapshot_classroom_others	Classroom_Others	0	0	0	0	0	0	0	0	0	0	0	0	0	0	0	0	0	0	0	0	0	0	0	0	0	0	0	0	0	0	0	0	0	0	0	0	0	0	0	0	0	0	0	0	0	0	0	0																																																	400	133	80	200	3	0	80	Classroom_Others	Classroom_Others	0				0			1939	1939	1939	1939	1	0	1939	1939	1939	1939	1939	1	0	1939	5				
Recording065	ProVisioNET_study_110_02	Female	Novice	snapshot_classroom_others	18	snapshot_classroom_others	Classroom_Others	0	0	0	0	0	0	0	0	0	0	0	0	0	0	0	0	0	0	0	0	0	0	0	0	0	0	0	0	0	0	0	0	0	0	0	0	0	0	0	0	0	0	0	0	0	0	0	0																																																	540	180	140	200	3	0	140	Classroom_Others	Classroom_Others	0				0			2758	2758	2758	2758	1	0	2758	2758	2758	2758	2758	1	0	2758	3				
Recording065	ProVisioNET_study_110_02	Female	Novice	snapshot_classroom_others	19	snapshot_classroom_others	Classroom_Others	0	0	0	0	0	0	0	0	0	0	0	0	0	0	0	0	0	0	0	0	0	0	0	0	0	0	0	0	0	0	0	0	0	0	0	0	0	0	0	0	0	0	0	0	0	0	0	0																																																	220	220	220	220	1	0	220	Classroom_Others	Classroom_Others	0				0			220	220	220	220	1	0	220	220	220	220	220	1	0	220	0				
Recording065	ProVisioNET_study_110_02	Female	Novice	snapshot_classroom_others	20	snapshot_classroom_others	Classroom_Others	0	0	0	0	0	0	0	0	0	0	0	0	0	0	0	0	0	0	0	0	0	0	0	0	0	0	0	0	0	0	0	0	0	0	0	0	0	0	0	0	0	0	0	0	0	0	0	0																																																	280	140	100	180	2	0	180	Classroom_Others	Classroom_Others	0				0			300	300	300	300	1	0	300	300	300	300	300	1	0	300	1				
Recording065	ProVisioNET_study_110_02	Female	Novice	snapshot_classroom_others	21	snapshot_classroom_others	Classroom_Others	0	0	0	0	0	0	0	0	0	0	0	0	0	0	0	0	0	0	0	0	0	0	0	0	0	0	0	0	0	0	0	0	0	0	0	0	0	0	0	0	0	0	0	0	0	0	0	0																																																	180	180	180	180	1	0	180	Classroom_Others	Classroom_Others	0				0			180	180	180	180	1	0	180	180	180	180	180	1	0	180	0				
Recording065	ProVisioNET_study_110_02	Female	Novice	snapshot_classroom_others	22	snapshot_classroom_others	Classroom_Others	0	0	0	0	0	0	0	0	0	0	0	0	0	0	0	0	0	0	0	0	0	0	0	0	0	0	0	0	0	0	0	0	0	0	0	0	0	0	0	0	0	0	0	0	0	0	0	0																																																	3618	603	80	2099	6	0	220	Classroom_Others	Classroom_Others	0				0			12952	12952	12952	12952	1	0	12952	12952	12952	12952	12952	1	0	12952	10				
Recording065	ProVisioNET_study_110_02	Female	Novice	snapshot_classroom_others	23	snapshot_classroom_others	Classroom_Others	0	0	0	0	0	0	0	0	0	0	0	0	0	0	0	0	0	0	0	0	0	0	0	0	0	0	0	0	0	0	0	0	0	0	0	0	0	0	0	0	0	0	0	0	0	0	0	0																																																	260	260	260	260	1	0	260	Classroom_Others	Classroom_Others	0				0			260	260	260	260	1	0	260	260	260	260	260	1	0	260	0				
Recording065	ProVisioNET_study_110_02	Female	Novice	snapshot_classroom_others	24	snapshot_classroom_others	Classroom_Others	0	0	0	0	0	0	0	0	0	0	0	0	0	0	0	0	0	0	0	0	0	0	0	0	0	0	0	0	0	0	0	0	0	0	0	0	0	0	0	0	0	0	0	0	0	0	0	0																																																	100	100	100	100	1	0	100	Classroom_Others	Classroom_Others	0				0			100	100	100	100	1	0	100	100	100	100	100	1	0	100	0				
Recording065	ProVisioNET_study_110_02	Female	Novice	snapshot_classroom_others	25	snapshot_classroom_others	Classroom_Others	0	0	0	0	0	0	0	0	0	0	0	0	0	0	0	0	0	0	0	0	0	0	0	0	0	0	0	0	0	0	0	0	0	0	0	0	0	0	0	0	0	0	0	0	0	0	0	0																																																	220	110	80	140	2	0	80	Classroom_Others	Classroom_Others	0				0			1399	1399	1399	1399	1	0	1399	1399	1399	1399	1399	1	0	1399	2				
Recording065	ProVisioNET_study_110_02	Female	Novice	snapshot_classroom_others	26	snapshot_classroom_others	Classroom_Others	0	0	0	0	0	0	0	0	0	0	0	0	0	0	0	0	0	0	0	0	0	0	0	0	0	0	0	0	0	0	0	0	0	0	0	0	0	0	0	0	0	0	0	0	0	0	0	0																																																	839	420	120	720	2	0	720	Classroom_Others	Classroom_Others	0				0			1819	1819	1819	1819	1	0	1819	1819	1819	1819	1819	1	0	1819	1				
Recording065	ProVisioNET_study_110_02	Female	Novice	snapshot_classroom_others	27	snapshot_classroom_others	Classroom_Others	0	0	0	0	0	0	0	0	0	0	0	0	0	0	0	0	0	0	0	0	0	0	0	0	0	0	0	0	0	0	0	0	0	0	0	0	0	0	0	0	0	0	0	0	0	0	0	0																																																	300	300	300	300	1	0	300	Classroom_Others	Classroom_Others	0				0			300	300	300	300	1	0	300	300	300	300	300	1	0	300	0				
Recording065	ProVisioNET_study_110_02	Female	Novice	snapshot_classroom_others	28	snapshot_classroom_others	Classroom_Others	0	0	0	0	0	0	0	0	0	0	0	0	0	0	0	0	0	0	0	0	0	0	0	0	0	0	0	0	0	0	0	0	0	0	0	0	0	0	0	0	0	0	0	0	0	0	0	0																																																	5217	2608	580	4637	2	0	580	Classroom_Others	Classroom_Others	0				0			5277	5277	5277	5277	1	0	5277	5277	5277	5277	5277	1	0	5277	1				
Recording065	ProVisioNET_study_110_02	Female	Novice	snapshot_classroom_others	29	snapshot_classroom_others	Classroom_Others	0	0	0	0	0	0	0	0	0	0	0	0	0	0	0	0	0	0	0	0	0	0	0	0	0	0	0	0	0	0	0	0	0	0	0	0	0	0	0	0	0	0	0	0	0	0	0	0																																																	340	170	160	180	2	0	160	Classroom_Others	Classroom_Others	0				0			2818	2818	2818	2818	1	0	2818	2818	2818	2818	2818	1	0	2818	2				
Recording065	ProVisioNET_study_110_02	Female	Novice	snapshot_classroom_others	30	snapshot_classroom_others	Classroom_Others	0	0	0	0	0	0	0	0	0	0	0	0	0	0	0	0	0	0	0	0	0	0	0	0	0	0	0	0	0	0	0	0	0	0	0	0	0	0	0	0	0	0	0	0	0	0	0	0																																																	1159	290	80	780	4	0	80	Classroom_Others	Classroom_Others	0				0			2678	2678	2678	2678	1	0	2678	2678	2678	2678	2678	1	0	2678	2				
Recording065	ProVisioNET_study_110_02	Female	Novice	snapshot_classroom_others	31	snapshot_classroom_others	Classroom_Others	0	0	0	0	0	0	0	0	0	0	0	0	0	0	0	0	0	0	0	0	0	0	0	0	0	0	0	0	0	0	0	0	0	0	0	0	0	0	0	0	0	0	0	0	0	0	0	0																																																	500	250	160	340	2	0	340	Classroom_Others	Classroom_Others	0				0			560	560	560	560	1	0	560	560	560	560	560	1	0	560	0				
Recording065	ProVisioNET_study_110_02	Female	Novice	snapshot_classroom_others	32	snapshot_classroom_others	Classroom_Others	0	0	0	0	0	0	0	0	0	0	0	0	0	0	0	0	0	0	0	0	0	0	0	0	0	0	0	0	0	0	0	0	0	0	0	0	0	0	0	0	0	0	0	0	0	0	0	0																																																	1559	390	120	919	4	0	919	Classroom_Others	Classroom_Others	0				0			6336	6336	6336	6336	1	0	6336	6336	6336	6336	6336	1	0	6336	10				
Recording065	ProVisioNET_study_110_02	Female	Novice	snapshot_classroom_others	33	snapshot_classroom_others	Classroom_Others	0	0	0	0	0	0	0	0	0	0	0	0	0	0	0	0	0	0	0	0	0	0	0	0	0	0	0	0	0	0	0	0	0	0	0	0	0	0	0	0	0	0	0	0	0	0	0	0																																																	300	150	140	160	2	0	140	Classroom_Others	Classroom_Others	0				0			4697	4697	4697	4697	1	0	4697	4697	4697	4697	4697	1	0	4697	12				
Recording065	ProVisioNET_study_110_02	Female	Novice	snapshot_classroom_others	34	snapshot_classroom_others	Classroom_Others	0	0	0	0	0	0	0	0	0	0	0	0	0	0	0	0	0	0	0	0	0	0	0	0	0	0	0	0	0	0	0	0	0	0	0	0	0	0	0	0	0	0	0	0	0	0	0	0																																																	2339	780	80	2179	3	0	80	Classroom_Others	Classroom_Others	0				0			2399	2399	2399	2399	1	0	2399	2399	2399	2399	2399	1	0	2399	2				
Recording065	ProVisioNET_study_110_02	Female	Novice	snapshot_classroom_others	35	snapshot_classroom_others	Classroom_Others	0	0	0	0	0	0	0	0	0	0	0	0	0	0	0	0	0	0	0	0	0	0	0	0	0	0	0	0	0	0	0	0	0	0	0	0	0	0	0	0	0	0	0	0	0	0	0	0																																																	580	290	200	380	2	0	200	Classroom_Others	Classroom_Others	0				0			1379	1379	1379	1379	1	0	1379	1379	1379	1379	1379	1	0	1379	1				
Recording065	ProVisioNET_study_110_02	Female	Novice	snapshot_classroom_others	36	snapshot_classroom_others	Classroom_Others	0	0	0	0	0	0	0	0	0	0	0	0	0	0	0	0	0	0	0	0	0	0	0	0	0	0	0	0	0	0	0	0	0	0	0	0	0	0	0	0	0	0	0	0	0	0	0	0																																																	220	110	100	120	2	0	120	Classroom_Others	Classroom_Others	0				0			280	280	280	280	1	0	280	280	280	280	280	1	0	280	1				
Recording065	ProVisioNET_study_110_02	Female	Novice	snapshot_classroom_others	37	snapshot_classroom_others	Classroom_Others	0	0	0	0	0	0	0	0	0	0	0	0	0	0	0	0	0	0	0	0	0	0	0	0	0	0	0	0	0	0	0	0	0	0	0	0	0	0	0	0	0	0	0	0	0	0	0	0																																																	819	164	120	220	5	0	220	Classroom_Others	Classroom_Others	0				0			8815	8815	8815	8815	1	0	8815	8815	8815	8815	8815	1	0	8815	5				
Recording065	ProVisioNET_study_110_02	Female	Novice	snapshot_classroom_others	38	snapshot_classroom_others	Classroom_Others	0	0	0	0	0	0	0	0	0	0	0	0	0	0	0	0	0	0	0	0	0	0	0	0	0	0	0	0	0	0	0	0	0	0	0	0	0	0	0	0	0	0	0	0	0	0	0	0																																																	240	120	120	120	2	0	120	Classroom_Others	Classroom_Others	0				0			4337	4337	4337	4337	1	0	4337	4337	4337	4337	4337	1	0	4337	2				
Recording065	ProVisioNET_study_110_02	Female	Novice	snapshot_classroom_others	39	snapshot_classroom_others	Classroom_Others	0	0	0	0	0	0	0	0	0	0	0	0	0	0	0	0	0	0	0	0	0	0	0	0	0	0	0	0	0	0	0	0	0	0	0	0	0	0	0	0	0	0	0	0	0	0	0	0																																																	380	190	160	220	2	0	160	Classroom_Others	Classroom_Others	0				0			660	660	660	660	1	0	660	660	660	660	660	1	0	660	2				
Recording065	ProVisioNET_study_110_02	Female	Novice	snapshot_classroom_others	40	snapshot_classroom_others	Classroom_Others	0	0	0	0	0	0	0	0	0	0	0	0	0	0	0	0	0	0	0	0	0	0	0	0	0	0	0	0	0	0	0	0	0	0	0	0	0	0	0	0	0	0	0	0	0	0	0	0																																																	120	120	120	120	1	0	120	Classroom_Others	Classroom_Others	0				0			120	120	120	120	1	0	120	120	120	120	120	1	0	120	0				
Recording065	ProVisioNET_study_110_02	Female	Novice	snapshot_classroom_others	41	snapshot_classroom_others	Classroom_Others	0	0	0	0	0	0	0	0	0	0	0	0	0	0	0	0	0	0	0	0	0	0	0	0	0	0	0	0	0	0	0	0	0	0	0	0	0	0	0	0	0	0	0	0	0	0	0	0																																																	340	170	160	180	2	0	160	Classroom_Others	Classroom_Others	0				0			2039	2039	2039	2039	1	0	2039	2039	2039	2039	2039	1	0	2039	4				
Recording065	ProVisioNET_study_110_02	Female	Novice	snapshot_classroom_others	42	snapshot_classroom_others	Classroom_Others	0	0	0	0	0	0	0	0	0	0	0	0	0	0	0	0	0	0	0	0	0	0	0	0	0	0	0	0	0	0	0	0	0	0	0	0	0	0	0	0	0	0	0	0	0	0	0	0																																																	180	180	180	180	1	0	180	Classroom_Others	Classroom_Others	0				0			180	180	180	180	1	0	180	180	180	180	180	1	0	180	0				
Recording065	ProVisioNET_study_110_02	Female	Novice	snapshot_classroom_others	43	snapshot_classroom_others	Classroom_Others	0	0	0	0	0	0	0	0	0	0	0	0	0	0	0	0	0	0	0	0	0	0	0	0	0	0	0	0	0	0	0	1	0	0	0	0	0	0	0	0	0	0	0	0	0	0	0	0																																3679																	3258	407	80	800	8	0	80	Classroom_Others	Classroom_Others	0				0			10294	10294	10294	10294	1	0	10294	10294	10294	10294	10294	1	0	10294	15				
Recording065	ProVisioNET_study_110_02	Female	Novice	snapshot_classroom_others	44	snapshot_classroom_others	Classroom_Others	0	0	0	0	0	0	0	0	0	0	0	0	0	0	0	0	0	0	0	0	0	0	0	0	0	0	0	0	0	0	0	0	0	0	0	0	0	0	0	0	0	0	0	0	0	0	0	0																																																	480	160	120	220	3	0	140	Classroom_Others	Classroom_Others	0				0			4038	4038	4038	4038	1	0	4038	4038	4038	4038	4038	1	0	4038	6				
Recording065	ProVisioNET_study_110_02	Female	Novice	snapshot_classroom_others	45	snapshot_classroom_others	Classroom_Others	0	0	0	0	0	0	0	0	0	0	0	1	0	0	0	0	0	0	0	0	0	0	0	0	0	0	0	0	0	0	0	0	0	0	1	0	0	0	0	0	0	0	0	0	0	0	0	0												4243																							1714														580	193	80	280	3	0	280	Classroom_Others	Classroom_Others	0				0			5357	5357	5357	5357	1	0	5357	5357	5357	5357	5357	1	0	5357	5				
Recording065	ProVisioNET_study_110_02	Female	Novice	snapshot_classroom_others	46	snapshot_classroom_others	Classroom_Others	0	0	0	0	0	0	0	0	0	0	0	0	0	0	0	0	0	0	0	0	0	0	0	0	0	0	0	0	0	0	0	0	0	0	0	0	0	0	0	0	0	0	0	0	0	0	0	0																																																	340	340	340	340	1	0	340	Classroom_Others	Classroom_Others	0				0			340	340	340	340	1	0	340	340	340	340	340	1	0	340	0				
Recording065	ProVisioNET_study_110_02	Female	Novice	snapshot_classroom_others	47	snapshot_classroom_others	Classroom_Others	0	0	0	0	0	0	0	0	0	0	0	0	0	0	0	0	0	0	0	0	0	0	0	0	0	0	0	0	0	0	0	0	0	0	0	0	0	0	0	0	0	0	0	0	0	0	0	0																																																	160	160	160	160	1	0	160	Classroom_Others	Classroom_Others	0				0			160	160	160	160	1	0	160	160	160	160	160	1	0	160	0				
Recording065	ProVisioNET_study_110_02	Female	Novice	snapshot_classroom_others	48	snapshot_classroom_others	Classroom_Others	0	0	0	0	0	0	0	0	0	0	0	0	0	0	0	0	0	0	0	0	0	0	0	0	0	0	0	0	0	0	0	0	0	0	0	0	0	0	0	0	0	0	0	0	0	0	0	0																																																	100	100	100	100	1	0	100	Classroom_Others	Classroom_Others	0				0			100	100	100	100	1	0	100	100	100	100	100	1	0	100	0				
Recording065	ProVisioNET_study_110_02	Female	Novice	snapshot_classroom_others	49	snapshot_classroom_others	Classroom_Others	0	0	0	0	0	0	0	0	0	0	0	0	0	0	0	0	0	0	0	0	0	0	0	0	0	0	0	0	0	0	0	0	0	0	0	0	0	0	0	0	0	0	0	0	0	0	0	0																																																	180	180	180	180	1	0	180	Classroom_Others	Classroom_Others	0				0			180	180	180	180	1	0	180	180	180	180	180	1	0	180	0				
Recording065	ProVisioNET_study_110_02	Female	Novice	snapshot_classroom_others	50	snapshot_classroom_others	Classroom_Others	0	0	0	0	0	0	0	0	0	0	0	0	0	0	0	0	0	0	0	0	0	0	0	0	0	0	0	0	0	0	0	0	0	0	0	0	0	0	0	0	0	0	0	0	0	0	0	0																																																	460	230	140	320	2	0	320	Classroom_Others	Classroom_Others	0				0			2039	2039	2039	2039	1	0	2039	2039	2039	2039	2039	1	0	2039	4				
Recording065	ProVisioNET_study_110_02	Female	Novice	snapshot_classroom_others	51	snapshot_classroom_others	Classroom_Others	0	0	0	0	0	0	0	0	0	0	0	0	0	0	0	0	0	0	0	0	0	0	0	0	0	0	0	0	0	0	0	0	0	0	0	0	0	0	0	0	0	0	0	0	0	0	0	0																																																	80	80	80	80	1	0	80	Classroom_Others	Classroom_Others	0				0			80	80	80	80	1	0	80	80	80	80	80	1	0	80	0				
Recording065	ProVisioNET_study_110_02	Female	Novice	snapshot_classroom_others	52	snapshot_classroom_others	Classroom_Others	0	0	0	0	0	0	0	0	0	0	0	0	0	0	0	0	0	0	0	0	0	0	0	0	0	0	0	0	0	0	0	0	0	0	0	0	0	0	0	0	0	0	0	0	0	0	0	0																																																	520	260	200	320	2	0	320	Classroom_Others	Classroom_Others	0				0			600	600	600	600	1	0	600	600	600	600	600	1	0	600	1				
Recording065	ProVisioNET_study_110_02	Female	Novice	snapshot_classroom_others	53	snapshot_classroom_others	Classroom_Others	0	0	0	0	0	0	0	0	0	0	0	0	0	0	0	0	0	0	0	0	0	0	0	0	0	0	0	0	0	0	0	0	0	0	0	0	0	0	0	0	0	0	0	0	0	0	0	0																																																	420	140	80	220	3	0	80	Classroom_Others	Classroom_Others	0				0			500	500	500	500	1	0	500	500	500	500	500	1	0	500	2				
Recording065	ProVisioNET_study_110_02	Female	Novice	snapshot_classroom_others	54	snapshot_classroom_others	Classroom_Others	0	0	0	0	0	0	0	0	0	0	0	0	0	0	0	0	0	0	0	0	0	0	0	0	0	0	0	0	0	0	0	0	0	0	0	0	0	0	0	0	0	0	0	0	0	0	0	0																																																	80	80	80	80	1	0	80	Classroom_Others	Classroom_Others	0				0			80	80	80	80	1	0	80	80	80	80	80	1	0	80	0				
Recording065	ProVisioNET_study_110_02	Female	Novice	snapshot_classroom_others	55	snapshot_classroom_others	Classroom_Others	0	0	0	0	0	0	0	0	0	0	0	0	0	0	0	0	0	0	0	0	0	0	0	0	0	0	0	0	0	0	0	0	0	0	0	0	0	0	0	0	0	0	0	0	0	0	0	0																																																	100	100	100	100	1	0	100	Classroom_Others	Classroom_Others	0				0			100	100	100	100	1	0	100	100	100	100	100	1	0	100	0				
Recording065	ProVisioNET_study_110_02	Female	Novice	snapshot_classroom_others	56	snapshot_classroom_others	Classroom_Others	0	0	0	0	0	0	0	0	0	0	0	0	0	0	0	0	0	0	0	0	0	0	0	0	0	0	0	0	0	0	0	0	0	0	0	0	0	0	0	0	0	0	0	0	0	0	0	0																																																	160	160	160	160	1	0	160	Classroom_Others	Classroom_Others	0				0			160	160	160	160	1	0	160	160	160	160	160	1	0	160	0				
Recording065	ProVisioNET_study_110_02	Female	Novice	snapshot_classroom_others	57	snapshot_classroom_others	Classroom_Others	0	0	0	0	0	0	0	0	0	0	0	0	0	0	0	0	0	0	0	0	0	0	0	0	0	0	0	0	0	0	0	0	0	0	0	0	0	0	0	0	0	0	0	0	0	0	0	0																																																	10973	686	120	5797	16	0	180	Classroom_Others	Classroom_Others	0				0			24645	24645	24645	24645	1	0	24645	24645	24645	24645	24645	1	0	24645	33				
Recording065	ProVisioNET_study_110_02	Female	Novice	snapshot_classroom_others	58	snapshot_classroom_others	Classroom_Others	0	0	0	0	0	0	0	0	0	0	0	0	0	0	0	0	0	0	0	0	0	0	0	0	0	0	0	0	0	0	0	0	0	0	0	0	0	0	0	0	0	0	0	0	0	0	0	0																																																	5297	757	80	2219	7	0	420	Classroom_Others	Classroom_Others	0				0			14851	14851	14851	14851	1	0	14851	14851	14851	14851	14851	1	0	14851	19				
Recording065	ProVisioNET_study_110_02	Female	Novice	snapshot_classroom_others	59	snapshot_classroom_others	Classroom_Others	0	0	0	0	0	0	0	0	0	0	0	0	0	0	0	0	0	0	0	0	0	0	0	0	0	0	0	0	0	0	0	0	0	0	0	0	0	0	0	0	0	0	0	0	0	0	0	0																																																	3538	393	220	740	9	0	480	Classroom_Others	Classroom_Others	0				0			11293	11293	11293	11293	1	0	11293	11293	11293	11293	11293	1	0	11293	19				
Recording065	ProVisioNET_study_110_02	Female	Novice	snapshot_classroom_others	60	snapshot_classroom_others	Classroom_Others	0	0	0	0	0	0	0	0	0	0	0	0	0	0	0	0	0	0	0	0	0	0	0	0	0	1	0	0	0	0	0	0	0	0	0	0	0	0	0	0	0	0	0	0	0	0	0	0																										327																							540	270	180	360	2	0	180	Classroom_Others	Classroom_Others	0				0			560	560	560	560	1	0	560	560	560	560	560	1	0	560	0				
Recording065	ProVisioNET_study_110_02	Female	Novice	snapshot_disruptive_person	1	snapshot_disruptive_person	Disruptive_Person	0	0	0	0	0	0	0	0	0	0	0	0	0	0	0	0	0	0	0	0	0	0	0	1	0	0	0	0	0	0	0	0	0	0	0	0	0	0	1	0	0	0	0	0	0	0	0	0																								1584															2290										2838	568	120	2119	5	0	260	Disruptive_Person	Disruptive_Person	0				0			3178	3178	3178	3178	1	0	3178	3178	3178	3178	3178	1	0	3178	3				
Recording065	ProVisioNET_study_110_02	Female	Novice	snapshot_disruptive_person	2	snapshot_disruptive_person	Disruptive_Person	0	0	0	0	0	0	0	0	0	0	0	0	0	0	0	0	0	0	0	0	0	0	0	0	0	0	0	0	0	0	0	0	0	0	0	0	0	0	0	0	1	0	0	0	0	0	0	0																																									879								959	480	200	760	2	0	760	Disruptive_Person	Disruptive_Person	0				0			979	979	979	979	1	0	979	979	979	979	979	1	0	979	1				
Recording065	ProVisioNET_study_110_02	Female	Novice	snapshot_disruptive_person	3	snapshot_disruptive_person	Disruptive_Person	0	0	0	0	0	0	0	0	0	0	0	0	0	0	0	0	0	0	0	0	0	0	0	0	0	0	0	0	0	0	0	0	0	0	0	0	0	0	0	0	0	1	0	0	0	0	1	1																																										7271					8568	277	7396	1479	660	2578	5	0	660	Disruptive_Person	Disruptive_Person	0				0			9794	9794	9794	9794	1	0	9794	9794	9794	9794	9794	1	0	9794	12				
Recording065	ProVisioNET_study_110_02	Female	Novice	snapshot_disruptive_person	4	snapshot_disruptive_person	Disruptive_Person	0	0	0	0	0	0	0	0	0	0	0	0	0	0	0	0	0	0	0	0	0	1	0	0	0	0	0	0	0	0	0	0	0	0	0	0	0	0	0	0	0	0	0	0	0	0	0	0																						1821																											3318	1659	100	3218	2	0	3218	Disruptive_Person	Disruptive_Person	0				0			3358	3358	3358	3358	1	0	3358	3358	3358	3358	3358	1	0	3358	1				
Recording065	ProVisioNET_study_110_02	Female	Novice	snapshot_disruptive_person	5	snapshot_disruptive_person	Disruptive_Person	0	0	0	0	0	0	0	0	0	0	0	0	0	0	0	0	0	0	0	0	0	0	0	0	0	0	0	0	0	0	0	0	0	0	0	0	0	0	0	0	0	0	0	0	0	0	0	0																																																	580	580	580	580	1	0	580	Disruptive_Person	Disruptive_Person	0				0			580	580	580	580	1	0	580	580	580	580	580	1	0	580	0				
Recording065	ProVisioNET_study_110_02	Female	Novice	snapshot_disruptive_person	6	snapshot_disruptive_person	Disruptive_Person	0	0	0	0	0	0	0	0	0	0	0	0	0	0	0	0	0	0	0	1	1	0	0	0	0	0	0	0	0	0	0	0	0	0	0	0	0	0	0	0	0	0	0	0	0	0	0	0																				1159	1159																												1619	405	160	680	4	0	320	Disruptive_Person	Disruptive_Person	0				0			2039	2039	2039	2039	1	0	2039	2039	2039	2039	2039	1	0	2039	4				
Recording065	ProVisioNET_study_110_02	Female	Novice	snapshot_disruptive_person	7	snapshot_disruptive_person	Disruptive_Person	0	0	0	0	0	0	0	0	0	0	0	0	0	0	0	0	0	0	0	0	0	0	0	0	0	0	0	0	0	0	0	0	0	0	0	1	0	0	0	0	0	0	0	0	0	0	0	0																																				4106													9414	1569	80	5936	6	0	80	Disruptive_Person	Disruptive_Person	0				0			9994	9994	9994	9994	1	0	9994	9994	9994	9994	9994	1	0	9994	6				
Recording065	ProVisioNET_study_110_02	Female	Novice	snapshot_disruptive_person	8	snapshot_disruptive_person	Disruptive_Person	0	0	0	0	0	0	0	0	0	0	0	0	0	0	0	0	0	1	0	0	0	0	0	0	0	0	0	0	0	0	0	0	0	0	0	0	1	0	0	0	0	0	0	0	0	0	0	0																		2198																			1137												4477	2239	340	4138	2	0	340	Disruptive_Person	Disruptive_Person	0				0			4837	4837	4837	4837	1	0	4837	4837	4837	4837	4837	1	0	4837	2				
Recording065	ProVisioNET_study_110_02	Female	Novice	snapshot_disruptive_person	9	snapshot_disruptive_person	Disruptive_Person	0	0	0	0	0	0	0	0	0	0	0	0	0	0	0	0	0	0	0	0	0	0	0	0	0	0	0	0	0	0	0	0	0	0	0	0	0	0	0	0	0	0	0	0	0	0	0	0																																																	1599	267	100	480	6	0	100	Disruptive_Person	Disruptive_Person	0				0			3098	3098	3098	3098	1	0	3098	3098	3098	3098	3098	1	0	3098	6				
Recording065	ProVisioNET_study_110_02	Female	Novice	snapshot_disruptive_person	10	snapshot_disruptive_person	Disruptive_Person	0	0	0	0	0	0	0	0	0	0	0	1	0	0	0	0	0	0	0	0	0	0	0	0	0	0	0	0	0	0	0	0	0	0	1	0	0	0	0	0	0	0	0	0	0	0	0	0												4243																							1714														4158	832	280	2219	5	0	280	Disruptive_Person	Disruptive_Person	0				0			4537	4537	4537	4537	1	0	4537	4537	4537	4537	4537	1	0	4537	4				
Recording065	ProVisioNET_study_110_02	Female	Novice	snapshot_disruptive_person	11	snapshot_disruptive_person	Disruptive_Person	0	0	0	0	0	0	0	0	1	1	0	0	0	0	0	0	0	0	0	0	0	0	0	0	0	0	0	0	0	0	0	0	0	1	0	0	0	0	0	0	0	0	0	0	0	0	0	0									6972	80																								5796															4537	1134	640	1619	4	0	640	Disruptive_Person	Disruptive_Person	0				0			7016	7016	7016	7016	1	0	7016	7016	7016	7016	7016	1	0	7016	7				
Recording065	ProVisioNET_study_110_02	Female	Novice	snapshot_material_teacher	1	snapshot_material_teacher	Material_Teacher	0	0	0	0	0	0	0	0	0	0	0	0	0	0	0	0	0	0	0	0	0	0	0	0	0	0	0	0	0	0	0	0	0	0	0	0	0	0	0	0	0	0	0	0	0	0	0	0																																																	959	320	120	500	3	0	340	Material_Teacher	Material_Teacher	0				0			4937	4937	4937	4937	1	0	4937	4937	4937	4937	4937	1	0	4937	7				
Recording065	ProVisioNET_study_110_02	Female	Novice	snapshot_material_teacher	2	snapshot_material_teacher	Material_Teacher	0	0	0	0	0	0	0	0	0	0	0	0	0	0	0	0	0	0	0	0	0	0	0	0	0	0	0	0	0	0	0	0	0	0	0	0	0	0	0	0	0	0	0	0	0	0	0	0																																																	260	260	260	260	1	0	260	Material_Teacher	Material_Teacher	0				0			260	260	260	260	1	0	260	260	260	260	260	1	0	260	0				
Recording065	ProVisioNET_study_110_02	Female	Novice	snapshot_material_teacher	3	snapshot_material_teacher	Material_Teacher	0	0	0	0	0	0	0	0	0	0	0	0	0	0	0	0	0	0	0	0	0	0	0	0	0	0	0	0	0	0	0	0	0	0	0	0	0	0	0	0	0	0	0	0	0	0	0	0																																																	680	680	680	680	1	0	680	Material_Teacher	Material_Teacher	0				0			680	680	680	680	1	0	680	680	680	680	680	1	0	680	0				
Recording065	ProVisioNET_study_110_02	Female	Novice	snapshot_material_teacher	4	snapshot_material_teacher	Material_Teacher	0	0	0	0	0	0	0	0	0	0	0	0	0	0	0	0	0	0	0	0	0	0	0	0	0	0	0	0	0	0	0	0	0	0	0	0	0	0	0	0	0	0	0	0	0	0	0	0																																																	2099	300	160	680	7	0	180	Material_Teacher	Material_Teacher	0				0			2379	2379	2379	2379	1	0	2379	2379	2379	2379	2379	1	0	2379	6				
Recording065	ProVisioNET_study_110_02	Female	Novice	snapshot_material_teacher	5	snapshot_material_teacher	Material_Teacher	0	0	0	0	0	0	0	0	0	0	0	0	0	0	0	0	0	0	0	0	0	0	0	0	0	0	0	0	0	0	0	0	0	0	0	0	0	0	0	0	0	0	0	0	0	0	0	0																																																	500	250	100	400	2	0	100	Material_Teacher	Material_Teacher	0				0			520	520	520	520	1	0	520	520	520	520	520	1	0	520	1				
Recording065	ProVisioNET_study_110_02	Female	Novice	snapshot_material_teacher	6	snapshot_material_teacher	Material_Teacher	0	0	0	0	0	0	0	0	0	0	0	0	0	0	0	0	0	0	0	0	0	0	0	0	0	0	0	0	0	0	0	0	0	0	0	0	0	0	0	0	0	0	0	0	0	0	0	0																																																	999	999	999	999	1	0	999	Material_Teacher	Material_Teacher	0				0			999	999	999	999	1	0	999	999	999	999	999	1	0	999	0				
Recording065	ProVisioNET_study_110_02	Female	Novice	snapshot_material_teacher	7	snapshot_material_teacher	Material_Teacher	0	0	0	0	0	0	0	0	0	0	0	0	0	0	0	0	0	0	0	0	0	0	0	0	0	0	0	0	0	0	0	0	0	0	0	0	0	0	0	0	0	0	0	0	0	0	0	0																																																	3398	425	120	1339	8	0	120	Material_Teacher	Material_Teacher	0				0			3598	3598	3598	3598	1	0	3598	3598	3598	3598	3598	1	0	3598	7				
Recording065	ProVisioNET_study_110_02	Female	Novice	snapshot_material_teacher	8	snapshot_material_teacher	Material_Teacher	0	0	0	0	0	0	0	0	0	0	0	0	0	0	0	0	0	0	0	0	0	0	0	0	0	0	0	0	0	0	0	0	0	0	0	0	0	0	0	0	0	0	0	0	0	0	0	0																																																	1979	396	120	879	5	0	320	Material_Teacher		0				0			2219	2219	2219	2219	1	0	2219	2219	2219	2219	2219	1	0	2219	4				
Recording065	ProVisioNET_study_110_02	Female	Novice	snapshot_material_teacher	9	snapshot_material_teacher	Material_Teacher	0	0	0	0	0	0	0	0	0	0	0	0	0	0	0	0	0	0	0	0	0	0	0	0	0	0	0	0	0	0	0	0	0	0	0	0	0	0	0	0	0	0	0	0	0	0	0	0																																																	1279	640	600	680	2	0	680	Material_Teacher	Material_Teacher	0				0			1939	1939	1939	1939	1	0	1939	1939	1939	1939	1939	1	0	1939	2				
Recording065	ProVisioNET_study_110_02	Female	Novice	snapshot_material_teacher	10	snapshot_material_teacher	Material_Teacher	0	0	0	0	0	0	0	0	0	0	0	0	0	0	0	0	0	0	0	0	0	0	0	0	0	0	0	0	0	0	0	0	0	0	0	0	0	0	0	0	0	0	0	0	0	0	0	0																																																	4577	915	420	2698	5	0	420	Material_Teacher	Material_Teacher	0				0			4797	4797	4797	4797	1	0	4797	4797	4797	4797	4797	1	0	4797	4				
Recording065	ProVisioNET_study_110_02	Female	Novice	snapshot_material_teacher	11	snapshot_material_teacher	Material_Teacher	0	0	0	0	0	0	0	0	0	0	0	0	0	0	0	0	0	0	0	0	0	0	0	0	0	0	0	0	0	0	0	0	0	0	0	0	0	0	0	0	0	0	0	0	0	0	0	0																																																	440	440	440	440	1	0	440	Material_Teacher	Material_Teacher	0				0			440	440	440	440	1	0	440	440	440	440	440	1	0	440	0				
Recording065	ProVisioNET_study_110_02	Female	Novice	snapshot_material_teacher	12	snapshot_material_teacher	Material_Teacher	0	0	0	0	0	0	0	0	0	0	0	0	0	0	0	0	0	0	0	0	0	0	0	0	0	0	0	0	0	0	0	0	0	0	0	0	0	0	0	0	0	0	0	0	0	0	0	0																																																	2099	420	160	840	5	0	560	Material_Teacher	Material_Teacher	0				0			2279	2279	2279	2279	1	0	2279	2279	2279	2279	2279	1	0	2279	4				
Recording065	ProVisioNET_study_110_02	Female	Novice	snapshot_material_teacher	13	snapshot_material_teacher	Material_Teacher	0	0	0	0	0	0	0	0	0	0	0	0	0	0	0	0	0	0	0	0	0	0	0	0	0	0	0	0	0	0	0	0	0	0	0	0	0	0	0	0	0	0	0	0	0	0	0	0																																																	140	140	140	140	1	0	140	Material_Teacher	Material_Teacher	0				0			140	140	140	140	1	0	140	140	140	140	140	1	0	140	0				
Recording065	ProVisioNET_study_110_02	Female	Novice	snapshot_material_teacher	14	snapshot_material_teacher	Material_Teacher	0	0	0	0	0	0	0	0	0	0	0	0	0	0	0	0	0	0	0	0	0	0	0	0	0	0	0	0	0	0	0	0	0	0	0	0	0	0	0	0	0	0	0	0	0	0	0	0																																																	220	220	220	220	1	0	220	Material_Teacher	Material_Teacher	0				0			220	220	220	220	1	0	220	220	220	220	220	1	0	220	0				
Recording065	ProVisioNET_study_110_02	Female	Novice	snapshot_material_teacher	15	snapshot_material_teacher	Material_Teacher	0	0	0	0	0	0	0	0	0	0	0	0	0	0	0	0	0	0	0	0	0	0	0	0	0	0	0	0	0	0	0	0	0	0	0	0	0	0	0	0	0	0	0	0	0	0	0	0																																																	480	480	480	480	1	0	480	Material_Teacher	Material_Teacher	0				0			480	480	480	480	1	0	480	480	480	480	480	1	0	480	0				
Recording065	ProVisioNET_study_110_02	Female	Novice	snapshot_material_teacher	16	snapshot_material_teacher	Material_Teacher	0	0	0	0	0	0	0	0	0	0	0	0	0	0	0	0	0	0	0	0	0	0	0	0	0	0	0	0	0	0	0	0	0	0	0	0	0	0	0	0	0	0	0	0	0	0	0	0																																																	360	360	360	360	1	0	360	Material_Teacher	Material_Teacher	0				0			360	360	360	360	1	0	360	360	360	360	360	1	0	360	0				
Recording065	ProVisioNET_study_110_02	Female	Novice	snapshot_material_teacher	17	snapshot_material_teacher	Material_Teacher	0	0	0	0	0	0	0	0	0	0	0	0	0	0	0	0	0	0	0	0	0	0	0	0	0	0	0	0	0	0	0	0	0	0	0	0	0	0	0	0	0	0	0	0	0	0	0	0																																																	820	410	160	660	2	0	660	Material_Teacher	Material_Teacher	0				0			859	859	859	859	1	0	859	859	859	859	859	1	0	859	1				
Recording065	ProVisioNET_study_110_02	Female	Novice	snapshot_students	1	snapshot_students	Anna	0	0	0	0	0	0	0	0	0	0	0	0	0	0	0	0	0	0	0	0	0	0	0	0	0	0	0	0	0	0	0	0	0	0	0	0	0	0	0	0	0	0	0	0	0	0	0	0																																																	22987	884	100	6576	26	180	380	Anna	Anna	0				0			29023	1935	220	9914	15	180	380	29023	1935	220	9914	15	180	380	18	140	560	119,28	215,36
Recording065	ProVisioNET_study_110_02	Female	Novice	snapshot_students	1	snapshot_students	Bianca	0	0	0	0	0	0	0	0	0	0	0	0	0	0	0	0	0	0	0	0	0	0	0	0	0	0	0	0	0	0	0	0	0	0	0	0	0	0	0	0	0	0	0	0	0	0	0	0																																																	33960	918	100	7036	37	600	760	Anna	Anna	0				0			34860	1452	140	13492	24	600	760	34900	1454	140	13492	24	600	760	14	560	1359	215,36	230,91
Recording065	ProVisioNET_study_110_02	Female	Novice	snapshot_students	1	snapshot_students	Carl(a)	0	0	0	0	0	0	0	0	0	0	0	0	0	0	0	0	0	0	0	0	0	0	0	0	0	0	0	0	0	0	0	0	0	0	0	0	0	0	0	0	0	0	0	0	0	0	0	0																																																	11693	899	80	3718	13	0	140	Anna	Anna	0				0			11733	1067	140	3718	11	0	140	11733	1067	140	3718	11	0	140	1	10014	140	348,04	119,28
Recording065	ProVisioNET_study_110_02	Female	Novice	snapshot_students	2	snapshot_students	Anna	0	0	0	0	0	0	0	0	0	0	0	0	0	0	0	0	0	0	0	0	0	0	0	0	0	0	0	0	0	0	0	0	0	0	0	0	0	0	0	0	0	0	0	0	0	0	0	0																																																	37118	2183	80	6236	17	0	6236	Anna	Anna	0				0			52909	26455	23286	29623	2	0	29623	52909	26455	23286	29623	2	0	29623	32	30342		225,99	
Recording065	ProVisioNET_study_110_02	Female	Novice	snapshot_students	2	snapshot_students	Bianca	0	0	0	0	0	0	0	0	0	0	0	0	0	0	0	0	0	0	0	0	0	0	0	0	0	0	0	0	0	0	0	0	0	0	0	0	0	0	0	0	0	0	0	0	0	0	0	0																																																	660	660	660	660	1	29683	660	Anna	Anna	0				0			660	660	660	660	1	29683	660	660	660	660	660	1	29683	660	0		30342		225,99
Recording065	ProVisioNET_study_110_02	Female	Novice	snapshot_students	2	snapshot_students	Carl(a)	0	0	0	0	0	0	0	0	0	0	0	0	0	0	0	0	0	0	0	0	0	0	0	0	0	0	0	0	0	0	0	0	0	0	0	0	0	0	0	0	0	0	0	0	0	0	0	0																																																	0				0			Anna	Anna	0				0			0				0			0				0			0				
Recording065	ProVisioNET_study_110_02	Female	Novice	snapshot_students	3	snapshot_students	Anna	0	0	0	0	0	0	0	0	0	0	0	0	0	0	0	0	0	0	0	0	0	0	1	1	1	0	0	0	0	0	0	0	0	0	0	0	0	0	1	0	0	0	0	0	0	0	0	0																							45901	18374	15901														19080										7196	1199	180	2219	6	0	2219	Anna	Anna	0				0			15371	5124	820	12333	3	0	2219	15371	5124	820	12333	3	0	2219	7	67181	2219	260,81	286,89
Recording065	ProVisioNET_study_110_02	Female	Novice	snapshot_students	3	snapshot_students	Bianca	0	0	0	0	0	0	0	0	0	0	0	0	0	0	0	0	0	0	0	0	0	0	1	1	1	0	0	0	0	0	0	0	0	0	0	0	0	0	1	0	0	0	0	0	0	0	0	0																							45901	18374	15901														19080										17610	2516	120	9235	7	3918	640	Anna	Anna	0				0			21867	7289	740	11673	3	3918	11673	21867	7289	740	11673	3	3918	11673	9	3898	67181	283,27	260,81
Recording065	ProVisioNET_study_110_02	Female	Novice	snapshot_students	3	snapshot_students	Carl(a)	0	0	0	0	0	0	0	0	0	0	0	0	0	0	0	0	0	0	0	0	0	0	1	1	1	0	0	0	0	0	0	0	0	0	0	0	0	0	1	0	0	0	0	0	0	0	0	0																							45901	18374	15901														19080										38178	4242	180	11433	9	16790	260	Anna	Anna	0				0			49591	49591	49591	49591	1	16790	49591	49591	49591	49591	49591	1	16790	49591	20		66381		320,75
Recording065	ProVisioNET_study_110_02	Female	Novice	snapshot_students	4	snapshot_students	Anna	0	0	0	0	0	0	0	0	0	0	0	0	0	0	0	0	0	0	0	0	0	0	0	0	0	0	0	0	0	0	0	0	0	0	0	0	0	0	0	0	1	0	0	1	1	0	0	0																																									7775			9433	6824				1959	490	80	1119	4	1119	1119	Bianca	Bianca	0				0			4337	2169	580	3758	2	1119	3758	4337	2169	580	3758	2	1119	3758	7	1079	4877	308,98	314,21
Recording065	ProVisioNET_study_110_02	Female	Novice	snapshot_students	4	snapshot_students	Bianca	0	0	0	0	0	0	0	0	0	0	0	0	0	0	0	0	0	0	0	0	0	0	0	0	0	0	0	0	0	0	0	0	0	0	0	0	0	0	0	0	1	0	0	1	1	0	0	0																																									7775			9433	6824				8615	1723	460	4497	5	400	680	Bianca	Bianca	0				0			9015	3005	460	7875	3	400	680	9015	3005	460	7875	3	400	680	2	360	1079	253,25	308,98
Recording065	ProVisioNET_study_110_02	Female	Novice	snapshot_students	4	snapshot_students	Carl(a)	0	0	0	0	0	0	0	0	0	0	0	0	0	0	0	0	0	0	0	0	0	0	0	0	0	0	0	0	0	0	0	0	0	0	0	0	0	0	0	0	1	0	0	1	1	0	0	0																																									7775			9433	6824				360	360	360	360	1	0	360	Bianca	Bianca	0				0			360	360	360	360	1	0	360	360	360	360	360	1	0	360	0		360		253,25
Recording065	ProVisioNET_study_110_02	Female	Novice	snapshot_students	5	snapshot_students	Anna	0	0	0	0	0	0	0	0	0	0	0	0	0	0	0	0	0	0	0	0	0	0	0	0	0	0	0	0	0	0	0	0	0	0	0	0	0	0	0	0	0	0	0	0	0	0	0	0																																																	1279	640	420	859	2	0	420	Anna	Anna	0				0			1279	640	420	859	2	0	420	1279	640	420	859	2	0	420	0	6696	420	300,7	287,28
Recording065	ProVisioNET_study_110_02	Female	Novice	snapshot_students	5	snapshot_students	Bianca	0	0	0	0	0	0	0	0	0	0	0	0	0	0	0	0	0	0	0	0	0	0	0	0	0	0	0	0	0	0	0	0	0	0	0	0	0	0	0	0	0	0	0	0	0	0	0	0																																																	1879	376	100	899	5	480	520	Anna	Anna	0				0			1899	475	200	899	4	480	520	1899	475	200	899	4	480	520	1	420	999	287,28	291,77
Recording065	ProVisioNET_study_110_02	Female	Novice	snapshot_students	5	snapshot_students	Carl(a)	0	0	0	0	0	0	0	0	0	0	0	0	0	0	0	0	0	0	0	0	0	0	0	0	0	0	0	0	0	0	0	0	0	0	0	0	0	0	0	0	0	0	0	0	0	0	0	0																																																	1079	360	200	600	3	1059	200	Anna	Anna	0				0			1079	360	200	600	3	1059	200	1079	360	200	600	3	1059	200	0	999	1259	291,77	222,78
Recording065	ProVisioNET_study_110_02	Female	Novice	snapshot_students	6	snapshot_students	Anna	0	0	0	0	0	0	0	0	0	0	0	0	0	0	0	0	0	0	0	0	0	0	0	0	0	0	0	0	0	0	0	0	0	0	0	0	0	0	0	0	0	0	1	0	0	0	0	0																																											2445						12373	884	80	4118	14	2998	680	Anna	Anna	0				0			17070	2134	200	6696	8	2998	680	17070	2134	200	6696	8	2998	680	10	4637	3678	318,47	299,45
Recording065	ProVisioNET_study_110_02	Female	Novice	snapshot_students	6	snapshot_students	Bianca	0	0	0	0	0	0	0	0	0	0	0	0	0	0	0	0	0	0	0	0	0	0	0	0	0	0	0	0	0	0	0	0	0	0	0	0	0	0	0	0	0	0	1	0	0	0	0	0																																											2445						13052	932	120	3878	14	0	400	Anna	Anna	0				0			17090	1899	140	13152	9	0	400	17090	1899	140	13152	9	0	400	10	3678	400	299,45	285,03
Recording065	ProVisioNET_study_110_02	Female	Novice	snapshot_students	6	snapshot_students	Carl(a)	0	0	0	0	0	0	0	0	0	0	0	0	0	0	0	0	0	0	0	0	0	0	0	0	0	0	0	0	0	0	0	0	0	0	0	0	0	0	0	0	0	0	1	0	0	0	0	0																																											2445						5517	1103	200	2538	5	460	280	Anna	Anna	0				0			6056	2019	200	5577	3	460	280	6056	2019	200	5577	3	460	280	3	400	14092	285,03	496,56
Recording065	ProVisioNET_study_110_02	Female	Novice	snapshot_students	7	snapshot_students	Anna	0	0	0	0	0	0	0	0	0	0	0	0	0	0	0	0	0	0	0	0	0	0	0	0	0	0	0	0	0	0	0	0	0	0	0	0	0	0	0	0	0	1	0	0	0	0	1	1																																										7271					8568	277	17010	1546	440	2578	11	0	660	Anna	Anna	0				0			18569	4642	879	13712	4	0	2858	18569	4642	879	13712	4	0	2858	6	3478	2858	106,28	172,79
Recording065	ProVisioNET_study_110_02	Female	Novice	snapshot_students	7	snapshot_students	Bianca	0	0	0	0	0	0	0	0	0	0	0	0	0	0	0	0	0	0	0	0	0	0	0	0	0	0	0	0	0	0	0	0	0	0	0	0	0	0	0	0	0	1	0	0	0	0	1	1																																										7271					8568	277	1239	310	140	600	4	2878	600	Anna	Anna	0				0			1819	606	200	1019	3	2878	600	1819	606	200	1019	3	2878	600	3	2858	3478	172,79	106,28
Recording065	ProVisioNET_study_110_02	Female	Novice	snapshot_students	7	snapshot_students	Carl(a)	0	0	0	0	0	0	0	0	0	0	0	0	0	0	0	0	0	0	0	0	0	0	0	0	0	0	0	0	0	0	0	0	0	0	0	0	0	0	0	0	0	1	0	0	0	0	1	1																																										7271					8568	277	0				0			Anna	Anna	0				0			0				0			0				0			0				
Recording065	ProVisioNET_study_110_02	Female	Novice	snapshot_students	8	snapshot_students	Anna	0	0	0	0	0	0	0	0	0	0	0	0	0	0	0	0	0	0	0	0	0	0	0	0	0	0	0	0	0	0	0	0	0	0	0	0	0	0	0	0	0	0	0	0	0	1	0	0																																														1234			8175	1635	120	4977	5	0	4977	Bianca	Bianca	0				0			12792	6396	300	12493	2	0	12493	12792	6396	300	12493	2	0	12493	6	16430	16770	269,7	430,78
Recording065	ProVisioNET_study_110_02	Female	Novice	snapshot_students	8	snapshot_students	Bianca	0	0	0	0	0	0	0	0	0	0	0	0	0	0	0	0	0	0	0	0	0	0	0	0	0	0	0	0	0	0	0	0	0	0	0	0	0	0	0	0	0	0	0	0	0	1	0	0																																														1234			1539	308	100	680	5	13152	140	Bianca	Bianca	0				0			1559	390	100	680	4	13152	300	1559	390	100	680	4	13152	300	1	15911	13452	273,63	280,81
Recording065	ProVisioNET_study_110_02	Female	Novice	snapshot_students	8	snapshot_students	Carl(a)	0	0	0	0	0	0	0	0	0	0	0	0	0	0	0	0	0	0	0	0	0	0	0	0	0	0	0	0	0	0	0	0	0	0	0	0	0	0	0	0	0	0	0	0	0	1	0	0																																														1234			8915	1783	80	5956	5	13772	1119	Bianca	Bianca	0				0			9215	3072	1119	5956	3	13772	2139	9215	3072	1119	5956	3	13772	2139	3	13752	15911	262,82	273,63
Recording065	ProVisioNET_study_110_02	Female	Novice	snapshot_students	9	snapshot_students	Anna	0	0	0	0	0	0	0	0	0	0	0	0	0	0	0	0	0	0	0	0	0	1	0	0	0	0	0	0	0	0	0	0	0	0	0	0	0	0	0	0	0	0	0	0	0	0	0	0																						27226																											5577	697	300	1859	8	560	540	Anna	Anna	0				0			5877	840	380	1859	7	560	540	5916	845	420	1859	7	560	540	2	500	4897	290,08	300,67
Recording065	ProVisioNET_study_110_02	Female	Novice	snapshot_students	9	snapshot_students	Bianca	0	0	0	0	0	0	0	0	0	0	0	0	0	0	0	0	0	0	0	0	0	1	0	0	0	0	0	0	0	0	0	0	0	0	0	0	0	0	0	0	0	0	0	0	0	0	0	0																						27226																											13212	881	80	3218	15	0	500	Anna	Anna	0				0			14112	1568	420	4577	9	0	500	14112	1568	420	4577	9	0	500	8	4897	500	300,67	290,08
Recording065	ProVisioNET_study_110_02	Female	Novice	snapshot_students	9	snapshot_students	Carl(a)	0	0	0	0	0	0	0	0	0	0	0	0	0	0	0	0	0	0	0	0	0	1	0	0	0	0	0	0	0	0	0	0	0	0	0	0	0	0	0	0	0	0	0	0	0	0	0	0																						27226																											800	400	300	500	2	5557	500	Anna	Anna	0				0			800	400	300	500	2	5557	500	800	400	300	500	2	5557	500	0	5517	6056	304,89	297,93
Recording065	ProVisioNET_study_110_02	Female	Novice	snapshot_students	10	snapshot_students	Anna	0	0	0	0	0	0	0	0	0	0	0	0	0	0	0	0	0	0	0	0	0	0	0	0	0	0	0	0	0	0	0	0	0	0	0	0	0	0	0	0	0	0	0	0	0	0	0	0																																																	2978	745	100	1599	4	0	580	Anna	Anna	0				0			10334	10334	10334	10334	1	0	10334	10334	10334	10334	10334	1	0	10334	14				
Recording065	ProVisioNET_study_110_02	Female	Novice	snapshot_students	10	snapshot_students	Bianca	0	0	0	0	0	0	0	0	0	0	0	0	0	0	0	0	0	0	0	0	0	0	0	0	0	0	0	0	0	0	0	0	0	0	0	0	0	0	0	0	0	0	0	0	0	0	0	0																																																	0				0			Anna	Anna	0				0			0				0			0				0			0				
Recording065	ProVisioNET_study_110_02	Female	Novice	snapshot_students	10	snapshot_students	Carl(a)	0	0	0	0	0	0	0	0	0	0	0	0	0	0	0	0	0	0	0	0	0	0	0	0	0	0	0	0	0	0	0	0	0	0	0	0	0	0	0	0	0	0	0	0	0	0	0	0																																																	0				0			Anna	Anna	0				0			0				0			0				0			0				
Recording065	ProVisioNET_study_110_02	Female	Novice	snapshot_students	11	snapshot_students	Anna	0	0	0	0	0	0	0	0	0	0	0	0	0	0	0	0	0	0	0	1	1	0	0	0	0	0	0	0	0	0	0	0	0	0	0	0	0	0	0	0	0	0	0	0	0	0	0	0																				1159	1159																												1959	653	220	1399	3	1079	220	Bianca	Bianca	0				0			1959	653	220	1399	3	1079	220	1959	653	220	1399	3	1079	220	0	999	1299	321,45	370,75
Recording065	ProVisioNET_study_110_02	Female	Novice	snapshot_students	11	snapshot_students	Bianca	0	0	0	0	0	0	0	0	0	0	0	0	0	0	0	0	0	0	0	1	1	0	0	0	0	0	0	0	0	0	0	0	0	0	0	0	0	0	0	0	0	0	0	0	0	0	0	0																				1159	1159																												8835	680	100	3218	13	0	320	Bianca	Bianca	0				0			16290	4073	320	14292	4	0	999	16290	4073	320	14292	4	0	999	18	1299	999	370,75	321,45
Recording065	ProVisioNET_study_110_02	Female	Novice	snapshot_students	11	snapshot_students	Carl(a)	0	0	0	0	0	0	0	0	0	0	0	0	0	0	0	0	0	0	0	1	1	0	0	0	0	0	0	0	0	0	0	0	0	0	0	0	0	0	0	0	0	0	0	0	0	0	0	0																				1159	1159																												0				0			Bianca	Bianca	0				0			0				0			0				0			0				
Recording065	ProVisioNET_study_110_02	Female	Novice	snapshot_students	12	snapshot_students	Anna	0	0	0	0	0	0	0	0	0	0	0	0	0	0	0	0	0	0	0	0	0	0	0	0	0	0	0	0	0	0	0	0	0	0	0	0	0	0	0	0	0	0	0	0	0	0	0	0																																																	1919	480	220	1059	4	100	220	Carl(a)	Carl(a)	0				0			2938	979	420	1459	3	100	1459	2938	979	420	1459	3	100	1459	2	80	1559	135,15	382,85
Recording065	ProVisioNET_study_110_02	Female	Novice	snapshot_students	12	snapshot_students	Bianca	0	0	0	0	0	0	0	0	0	0	0	0	0	0	0	0	0	0	0	0	0	0	0	0	0	0	0	0	0	0	0	0	0	0	0	0	0	0	0	0	0	0	0	0	0	0	0	0																																																	999	250	200	300	4	1619	200	Carl(a)	Carl(a)	0				0			999	250	200	300	4	1619	200	999	250	200	300	4	1619	200	0	1559	1819	382,85	300,21
Recording065	ProVisioNET_study_110_02	Female	Novice	snapshot_students	12	snapshot_students	Carl(a)	0	0	0	0	0	0	0	0	0	0	0	0	0	0	0	0	0	0	0	0	0	0	0	0	0	0	0	0	0	0	0	0	0	0	0	0	0	0	0	0	0	0	0	0	0	0	0	0																																																	1119	560	520	600	2	4457	600	Carl(a)	Carl(a)	0				0			1119	560	520	600	2	4457	600	1119	560	520	600	2	4457	600	0	7775	5057	287,26	156,23
Recording065	ProVisioNET_study_110_02	Female	Novice	snapshot_students	13	snapshot_students	Anna	0	0	0	0	0	0	0	0	0	0	0	0	0	0	0	1	0	0	0	0	0	0	0	0	0	0	0	0	0	0	0	0	0	0	0	0	0	0	0	0	0	0	0	0	0	0	0	0																13381																																	3338	668	140	1839	5	220	879	Anna	Anna	0				0			5057	2529	879	4178	2	220	879	5057	2529	879	4178	2	220	879	4	180	1099	255,84	289,44
Recording065	ProVisioNET_study_110_02	Female	Novice	snapshot_students	13	snapshot_students	Bianca	0	0	0	0	0	0	0	0	0	0	0	0	0	0	0	1	0	0	0	0	0	0	0	0	0	0	0	0	0	0	0	0	0	0	0	0	0	0	0	0	0	0	0	0	0	0	0	0																13381																																	4917	702	140	1999	7	0	180	Anna	Anna	0				0			5317	1329	180	4038	4	0	180	5317	1329	180	4038	4	0	180	4	1099	180	289,44	255,84
Recording065	ProVisioNET_study_110_02	Female	Novice	snapshot_students	13	snapshot_students	Carl(a)	0	0	0	0	0	0	0	0	0	0	0	0	0	0	0	1	0	0	0	0	0	0	0	0	0	0	0	0	0	0	0	0	0	0	0	0	0	0	0	0	0	0	0	0	0	0	0	0																13381																																	2698	899	160	1859	3	1619	160	Anna	Anna	0				0			3478	1739	680	2798	2	1619	2798	3478	1739	680	2798	2	1619	2798	4	1579		253,74	
Recording065	ProVisioNET_study_110_02	Female	Novice	snapshot_students	14	snapshot_students	Anna	0	0	0	0	0	0	0	0	0	0	0	0	0	0	0	0	0	0	0	0	0	0	0	0	0	0	0	0	0	0	0	0	0	0	0	0	0	0	0	0	0	0	0	0	0	0	0	0																																																	1099	1099	1099	1099	1	0	1099	Carl(a)	Carl(a)	0				0			1099	1099	1099	1099	1	0	1099	1099	1099	1099	1099	1	0	1099	0		1099		333,3
Recording065	ProVisioNET_study_110_02	Female	Novice	snapshot_students	14	snapshot_students	Bianca	0	0	0	0	0	0	0	0	0	0	0	0	0	0	0	0	0	0	0	0	0	0	0	0	0	0	0	0	0	0	0	0	0	0	0	0	0	0	0	0	0	0	0	0	0	0	0	0																																																	979	490	320	660	2	1159	660	Carl(a)	Carl(a)	0				0			3458	3458	3458	3458	1	1159	3458	3458	3458	3458	3458	1	1159	3458	4	1099	4617	333,3	282,87
Recording065	ProVisioNET_study_110_02	Female	Novice	snapshot_students	14	snapshot_students	Carl(a)	0	0	0	0	0	0	0	0	0	0	0	0	0	0	0	0	0	0	0	0	0	0	0	0	0	0	0	0	0	0	0	0	0	0	0	0	0	0	0	0	0	0	0	0	0	0	0	0																																																	340	340	340	340	1	4657	340	Carl(a)	Carl(a)	0				0			340	340	340	340	1	4657	340	340	340	340	340	1	4657	340	0	4617		282,87	
Recording065	ProVisioNET_study_110_02	Female	Novice	snapshot_students	15	snapshot_students	Anna	0	0	0	0	0	0	0	0	0	0	0	0	0	1	1	0	0	1	1	0	0	0	0	0	0	0	0	0	0	0	0	0	0	0	0	0	1	0	0	0	0	0	0	0	0	0	0	0														5823	1477			75195	65816																		74134												11053	1842	120	4837	6	11313	1059	Bianca	Bianca	0				0			12653	4218	120	10654	3	11313	1879	12653	4218	120	10654	3	11313	1879	5	11233	13192	336,47	345,04
Recording065	ProVisioNET_study_110_02	Female	Novice	snapshot_students	15	snapshot_students	Bianca	0	0	0	0	0	0	0	0	0	0	0	0	0	1	1	0	0	1	1	0	0	0	0	0	0	0	0	0	0	0	0	0	0	0	0	0	1	0	0	0	0	0	0	0	0	0	0	0														5823	1477			75195	65816																		74134												3598	720	200	2199	5	6076	560	Bianca	Bianca	0				0			3598	720	200	2199	5	6076	560	3598	720	200	2199	5	6076	560	0	8975	11233	403,71	336,47
Recording065	ProVisioNET_study_110_02	Female	Novice	snapshot_students	15	snapshot_students	Carl(a)	0	0	0	0	0	0	0	0	0	0	0	0	0	1	1	0	0	1	1	0	0	0	0	0	0	0	0	0	0	0	0	0	0	0	0	0	1	0	0	0	0	0	0	0	0	0	0	0														5823	1477			75195	65816																		74134												52369	1496	80	7556	35	0	800	Bianca	Bianca	0				0			61744	12349	2199	27923	5	0	2439	61744	12349	2199	27923	5	0	2439	31	13452	2439	323,4	359,16
Recording065	ProVisioNET_study_110_02	Female	Novice	snapshot_students	16	snapshot_students	Anna	0	0	0	0	0	0	0	0	0	0	0	0	0	0	0	0	0	0	0	0	0	0	0	0	0	0	0	0	0	0	0	0	0	0	0	0	0	0	0	0	0	0	0	0	0	0	0	0																																																	2379	793	240	1459	3	0	240	Carl(a)	Carl(a)	0				0			2638	1319	1179	1459	2	0	1179	2638	1319	1179	1459	2	0	1179	2	1499	1179	337,31	300,78
Recording065	ProVisioNET_study_110_02	Female	Novice	snapshot_students	16	snapshot_students	Bianca	0	0	0	0	0	0	0	0	0	0	0	0	0	0	0	0	0	0	0	0	0	0	0	0	0	0	0	0	0	0	0	0	0	0	0	0	0	0	0	0	0	0	0	0	0	0	0	0																																																	280	280	280	280	1	1219	280	Carl(a)	Carl(a)	0				0			280	280	280	280	1	1219	280	280	280	280	280	1	1219	280	0	1179	1499	300,78	337,31
Recording065	ProVisioNET_study_110_02	Female	Novice	snapshot_students	16	snapshot_students	Carl(a)	0	0	0	0	0	0	0	0	0	0	0	0	0	0	0	0	0	0	0	0	0	0	0	0	0	0	0	0	0	0	0	0	0	0	0	0	0	0	0	0	0	0	0	0	0	0	0	0																																																	720	240	140	300	3	3098	280	Carl(a)	Carl(a)	0				0			879	879	879	879	1	3098	879	879	879	879	879	1	3098	879	3	3018		389,96	
Recording065	ProVisioNET_study_110_02	Female	Novice	snapshot_students	17	snapshot_students	Anna	0	0	0	0	0	0	0	0	0	0	0	0	0	0	0	0	0	0	0	0	0	0	0	0	0	0	0	0	0	0	0	0	0	0	0	0	0	0	0	0	0	0	0	0	0	0	0	0																																																	10534	958	180	3238	11	0	600	Anna	Anna	0				0			18889	3148	300	8315	6	0	8315	18889	3148	300	8315	6	0	8315	18	8695	8315	319,32	313,59
Recording065	ProVisioNET_study_110_02	Female	Novice	snapshot_students	17	snapshot_students	Bianca	0	0	0	0	0	0	0	0	0	0	0	0	0	0	0	0	0	0	0	0	0	0	0	0	0	0	0	0	0	0	0	0	0	0	0	0	0	0	0	0	0	0	0	0	0	0	0	0																																																	5357	893	340	1839	6	8355	340	Anna	Anna	0				0			7635	1527	340	4957	5	8355	340	7635	1527	340	4957	5	8355	340	8	8315	8695	313,59	319,32
Recording065	ProVisioNET_study_110_02	Female	Novice	snapshot_students	17	snapshot_students	Carl(a)	0	0	0	0	0	0	0	0	0	0	0	0	0	0	0	0	0	0	0	0	0	0	0	0	0	0	0	0	0	0	0	0	0	0	0	0	0	0	0	0	0	0	0	0	0	0	0	0																																																	11213	3738	460	8055	3	20628	460	Anna	Anna	0				0			11233	5617	460	10774	2	20628	460	11233	5617	460	10774	2	20628	460	1	20548	21088	354,74	321,29
Recording065	ProVisioNET_study_110_02	Female	Novice	snapshot_students	18	snapshot_students	Anna	0	0	0	0	0	0	0	0	0	0	0	0	0	0	0	0	0	0	0	0	0	0	0	0	0	0	0	0	0	0	0	1	1	0	0	0	0	0	0	0	0	0	0	0	0	0	0	0																																14053	6349																3358	840	200	1779	4	0	400	Bianca	Bianca	0				0			3378	1126	200	2778	3	0	400	3378	1126	200	2778	3	0	400	1	3778	400	248,64	292,6
Recording065	ProVisioNET_study_110_02	Female	Novice	snapshot_students	18	snapshot_students	Bianca	0	0	0	0	0	0	0	0	0	0	0	0	0	0	0	0	0	0	0	0	0	0	0	0	0	0	0	0	0	0	0	1	1	0	0	0	0	0	0	0	0	0	0	0	0	0	0	0																																14053	6349																9414	554	100	1939	17	440	380	Bianca	Bianca	0				0			17869	4467	380	13532	4	440	380	17869	4467	380	13532	4	440	380	17	400	820	292,6	209,9
Recording065	ProVisioNET_study_110_02	Female	Novice	snapshot_students	18	snapshot_students	Carl(a)	0	0	0	0	0	0	0	0	0	0	0	0	0	0	0	0	0	0	0	0	0	0	0	0	0	0	0	0	0	0	0	1	1	0	0	0	0	0	0	0	0	0	0	0	0	0	0	0																																14053	6349																320	320	320	320	1	859	320	Bianca	Bianca	0				0			320	320	320	320	1	859	320	320	320	320	320	1	859	320	0	820	1179	209,9	315,75
Recording065	ProVisioNET_study_110_02	Female	Novice	snapshot_students	19	snapshot_students	Anna	0	0	0	0	0	0	0	0	0	0	0	0	0	0	0	0	0	0	0	0	0	0	0	0	0	0	0	0	0	0	0	0	0	0	0	0	0	0	0	0	0	0	0	0	0	0	0	0																																																	0				0			Carl(a)	Carl(a)	0				0			0				0			0				0			0				
Recording065	ProVisioNET_study_110_02	Female	Novice	snapshot_students	19	snapshot_students	Bianca	0	0	0	0	0	0	0	0	0	0	0	0	0	0	0	0	0	0	0	0	0	0	0	0	0	0	0	0	0	0	0	0	0	0	0	0	0	0	0	0	0	0	0	0	0	0	0	0																																																	0				0			Carl(a)	Carl(a)	0				0			0				0			0				0			0				
Recording065	ProVisioNET_study_110_02	Female	Novice	snapshot_students	19	snapshot_students	Carl(a)	0	0	0	0	0	0	0	0	0	0	0	0	0	0	0	0	0	0	0	0	0	0	0	0	0	0	0	0	0	0	0	0	0	0	0	0	0	0	0	0	0	0	0	0	0	0	0	0																																																	1179	1179	1179	1179	1	0	1179	Carl(a)	Carl(a)	0				0			1179	1179	1179	1179	1	0	1179	1179	1179	1179	1179	1	0	1179	0				
Recording065	ProVisioNET_study_110_02	Female	Novice	snapshot_students	20	snapshot_students	Anna	0	0	0	0	0	0	0	0	0	0	0	0	0	0	0	0	0	0	0	0	0	0	0	0	0	0	0	0	0	0	0	0	0	0	0	0	0	0	0	0	0	0	0	0	0	0	0	0																																																	1579	526	80	1139	3	0	80	Bianca	Bianca	0				0			1599	800	460	1139	2	0	460	1599	800	460	1139	2	0	460	0	919	460	227,96	286,69
Recording065	ProVisioNET_study_110_02	Female	Novice	snapshot_students	20	snapshot_students	Bianca	0	0	0	0	0	0	0	0	0	0	0	0	0	0	0	0	0	0	0	0	0	0	0	0	0	0	0	0	0	0	0	0	0	0	0	0	0	0	0	0	0	0	0	0	0	0	0	0																																																	700	350	300	400	2	520	400	Bianca	Bianca	0				0			700	350	300	400	2	520	400	700	350	300	400	2	520	400	0	460	919	286,69	227,96
Recording065	ProVisioNET_study_110_02	Female	Novice	snapshot_students	20	snapshot_students	Carl(a)	0	0	0	0	0	0	0	0	0	0	0	0	0	0	0	0	0	0	0	0	0	0	0	0	0	0	0	0	0	0	0	0	0	0	0	0	0	0	0	0	0	0	0	0	0	0	0	0																																																	0				0			Bianca	Bianca	0				0			0				0			0				0			0				
Recording065	ProVisioNET_study_110_02	Female	Novice	snapshot_students	21	snapshot_students	Anna	0	0	0	0	0	0	0	0	0	0	0	0	0	0	0	0	0	0	0	0	0	0	0	0	0	0	0	0	0	0	0	0	0	0	0	0	0	0	0	0	0	0	0	0	0	0	0	0																																																	1599	400	320	540	4	0	320	Bianca	Bianca	0				0			1659	553	320	800	3	0	320	1659	553	320	800	3	0	320	1	11533	4617	297,47	280,54
Recording065	ProVisioNET_study_110_02	Female	Novice	snapshot_students	21	snapshot_students	Bianca	0	0	0	0	0	0	0	0	0	0	0	0	0	0	0	0	0	0	0	0	0	0	0	0	0	0	0	0	0	0	0	0	0	0	0	0	0	0	0	0	0	0	0	0	0	0	0	0																																																	8155	741	160	1639	11	939	520	Bianca	Bianca	0				0			10614	1516	180	3638	7	939	520	10614	1516	180	3638	7	939	520	6	1879	1459	275,92	264,86
Recording065	ProVisioNET_study_110_02	Female	Novice	snapshot_students	21	snapshot_students	Carl(a)	0	0	0	0	0	0	0	0	0	0	0	0	0	0	0	0	0	0	0	0	0	0	0	0	0	0	0	0	0	0	0	0	0	0	0	0	0	0	0	0	0	0	0	0	0	0	0	0																																																	1999	500	220	1039	4	1499	380	Bianca	Bianca	0				0			1999	500	220	1039	4	1499	380	1999	500	220	1039	4	1499	380	0	1459	1879	264,86	275,92
Recording065	ProVisioNET_study_110_02	Female	Novice	snapshot_students	22	snapshot_students	Anna	0	0	0	0	0	0	0	0	0	0	0	0	0	0	0	0	0	0	0	0	0	0	0	0	0	0	0	0	0	0	0	0	0	0	0	0	0	0	0	0	0	0	0	0	0	0	0	0																																																	0				0			Carl(a)	Carl(a)	0				0			0				0			0				0			0				
Recording065	ProVisioNET_study_110_02	Female	Novice	snapshot_students	22	snapshot_students	Bianca	0	0	0	0	0	0	0	0	0	0	0	0	0	0	0	0	0	0	0	0	0	0	0	0	0	0	0	0	0	0	0	0	0	0	0	0	0	0	0	0	0	0	0	0	0	0	0	0																																																	200	200	200	200	1	0	200	Carl(a)	Carl(a)	0				0			200	200	200	200	1	0	200	200	200	200	200	1	0	200	0		200		321,48
Recording065	ProVisioNET_study_110_02	Female	Novice	snapshot_students	22	snapshot_students	Carl(a)	0	0	0	0	0	0	0	0	0	0	0	0	0	0	0	0	0	0	0	0	0	0	0	0	0	0	0	0	0	0	0	0	0	0	0	0	0	0	0	0	0	0	0	0	0	0	0	0																																																	2938	979	180	2539	3	220	180	Carl(a)	Carl(a)	0				0			3338	3338	3338	3338	1	220	3338	3338	3338	3338	3338	1	220	3338	2	200		321,48	
Recording065	ProVisioNET_study_110_02	Female	Novice	snapshot_students	23	snapshot_students	Anna	0	0	0	0	0	0	0	0	0	0	0	0	0	0	0	0	0	0	0	0	0	0	0	0	0	0	0	0	0	0	0	0	0	0	0	0	0	0	0	0	0	0	0	0	0	0	0	0																																																	0				0			Carl(a)	Carl(a)	0				0			0				0			0				0			0				
Recording065	ProVisioNET_study_110_02	Female	Novice	snapshot_students	23	snapshot_students	Bianca	0	0	0	0	0	0	0	0	0	0	0	0	0	0	0	0	0	0	0	0	0	0	0	0	0	0	0	0	0	0	0	0	0	0	0	0	0	0	0	0	0	0	0	0	0	0	0	0																																																	0				0			Carl(a)	Carl(a)	0				0			0				0			0				0			0				
Recording065	ProVisioNET_study_110_02	Female	Novice	snapshot_students	23	snapshot_students	Carl(a)	0	0	0	0	0	0	0	0	0	0	0	0	0	0	0	0	0	0	0	0	0	0	0	0	0	0	0	0	0	0	0	0	0	0	0	0	0	0	0	0	0	0	0	0	0	0	0	0																																																	1819	1819	1819	1819	1	0	1819	Carl(a)	Carl(a)	0				0			1819	1819	1819	1819	1	0	1819	1819	1819	1819	1819	1	0	1819	0				
Recording065	ProVisioNET_study_110_02	Female	Novice	snapshot_students	24	snapshot_students	Anna	0	0	0	0	0	0	0	0	0	0	0	1	0	0	0	0	0	0	0	0	0	0	0	0	0	0	0	0	0	0	0	0	0	0	1	0	0	0	0	0	0	0	0	0	0	0	0	0												3943																							1414														5817	831	260	2219	7	0	680	Anna	Anna	0				0			9235	9235	9235	9235	1	0	9235	9235	9235	9235	9235	1	0	9235	9				
Recording065	ProVisioNET_study_110_02	Female	Novice	snapshot_students	24	snapshot_students	Bianca	0	0	0	0	0	0	0	0	0	0	0	1	0	0	0	0	0	0	0	0	0	0	0	0	0	0	0	0	0	0	0	0	0	0	1	0	0	0	0	0	0	0	0	0	0	0	0	0												3943																							1414														0				0			Anna	Anna	0				0			0				0			0				0			0				
Recording065	ProVisioNET_study_110_02	Female	Novice	snapshot_students	24	snapshot_students	Carl(a)	0	0	0	0	0	0	0	0	0	0	0	1	0	0	0	0	0	0	0	0	0	0	0	0	0	0	0	0	0	0	0	0	0	0	1	0	0	0	0	0	0	0	0	0	0	0	0	0												3943																							1414														0				0			Anna	Anna	0				0			0				0			0				0			0				
Recording065	ProVisioNET_study_110_02	Female	Novice	snapshot_students	25	snapshot_students	Anna	0	0	0	0	0	0	0	0	0	0	1	0	0	0	0	0	0	0	0	0	0	0	0	0	0	0	0	0	0	0	0	0	0	0	0	0	0	0	0	0	0	0	0	0	0	0	0	0											11912																																						3278	546	280	1339	6	40	380	Bianca	Bianca	0				0			10434	3478	879	8215	3	0	8215	10434	3478	879	8215	3	0	8215	6	11293	8215	352,84	306,38
Recording065	ProVisioNET_study_110_02	Female	Novice	snapshot_students	25	snapshot_students	Bianca	0	0	0	0	0	0	0	0	0	0	1	0	0	0	0	0	0	0	0	0	0	0	0	0	0	0	0	0	0	0	0	0	0	0	0	0	0	0	0	0	0	0	0	0	0	0	0	0											11912																																						4038	1009	180	1819	4	8255	540	Bianca	Bianca	0				0			4297	1432	180	3578	3	8255	540	4297	1432	180	3578	3	8255	540	2	8215	11293	306,38	352,84
Recording065	ProVisioNET_study_110_02	Female	Novice	snapshot_students	25	snapshot_students	Carl(a)	0	0	0	0	0	0	0	0	0	0	1	0	0	0	0	0	0	0	0	0	0	0	0	0	0	0	0	0	0	0	0	0	0	0	0	0	0	0	0	0	0	0	0	0	0	0	0	0											11912																																						0				0			Bianca	Bianca	0				0			0				0			0				0			0				
Recording065	ProVisioNET_study_110_02	Female	Novice	snapshot_students	26	snapshot_students	Anna	0	0	0	0	0	0	0	0	0	0	0	0	0	0	0	0	0	0	0	0	0	0	0	0	0	0	0	0	0	0	0	0	0	0	0	0	0	0	0	0	0	0	0	0	0	0	0	0																																																	360	120	100	140	3	9934	120	Bianca	Bianca	0				0			380	190	100	280	2	9934	280	380	190	100	280	2	9934	280	1	11493	10214	279,37	314,01
Recording065	ProVisioNET_study_110_02	Female	Novice	snapshot_students	26	snapshot_students	Bianca	0	0	0	0	0	0	0	0	0	0	0	0	0	0	0	0	0	0	0	0	0	0	0	0	0	0	0	0	0	0	0	0	0	0	0	0	0	0	0	0	0	0	0	0	0	0	0	0																																																	4957	551	140	1159	9	4757	260	Bianca	Bianca	0				0			7496	1874	260	5497	4	4757	260	7496	1874	260	5497	4	4757	260	9	6136	5017	214,93	148,67
Recording065	ProVisioNET_study_110_02	Female	Novice	snapshot_students	26	snapshot_students	Carl(a)	0	0	0	0	0	0	0	0	0	0	0	0	0	0	0	0	0	0	0	0	0	0	0	0	0	0	0	0	0	0	0	0	0	0	0	0	0	0	0	0	0	0	0	0	0	0	0	0																																																	2019	1009	939	1079	2	0	939	Bianca	Bianca	0				0			2019	1009	939	1079	2	0	939	2019	1009	939	1079	2	0	939	0	5017	6136	148,67	214,93
Recording065	ProVisioNET_study_110_02	Female	Novice	snapshot_students	27	snapshot_students	Anna	0	0	0	0	0	0	0	0	1	1	0	0	0	0	0	0	0	0	0	0	0	0	0	0	0	0	0	0	0	0	0	0	0	1	0	0	0	0	0	0	0	0	0	0	0	0	0	0									18905	12013																								17729															2459	615	220	760	4	0	220	Carl(a)	Carl(a)	0				0			2459	615	220	760	4	0	220	2499	625	220	800	4	0	220	0	4557	220	369,39	369,57
Recording065	ProVisioNET_study_110_02	Female	Novice	snapshot_students	27	snapshot_students	Bianca	0	0	0	0	0	0	0	0	1	1	0	0	0	0	0	0	0	0	0	0	0	0	0	0	0	0	0	0	0	0	0	0	0	1	0	0	0	0	0	0	0	0	0	0	0	0	0	0									18905	12013																								17729															6936	867	180	3218	8	260	380	Carl(a)	Carl(a)	0				0			8955	1279	180	4297	7	260	4297	8955	1279	180	4297	7	260	4297	3	220	4557	369,57	369,39
Recording065	ProVisioNET_study_110_02	Female	Novice	snapshot_students	27	snapshot_students	Carl(a)	0	0	0	0	0	0	0	0	1	1	0	0	0	0	0	0	0	0	0	0	0	0	0	0	0	0	0	0	0	0	0	0	0	1	0	0	0	0	0	0	0	0	0	0	0	0	0	0									18905	12013																								17729															19828	1525	80	6176	13	9994	540	Carl(a)	Carl(a)	0				0			27084	5417	1079	16330	5	9994	4138	27084	5417	1079	16330	5	9994	4138	16	9954	14132	335,5	278,03
Recording065	ProVisioNET_study_110_02	Female	Novice	snapshot_students	28	snapshot_students	Anna	0	0	0	0	0	0	0	0	0	0	0	0	0	0	0	0	0	0	0	0	0	0	0	0	0	0	0	0	0	0	0	0	0	0	0	0	0	0	0	0	0	0	0	0	0	0	0	0																																																	0				0			Carl(a)	Carl(a)	0				0			0				0			0				0			0				
Recording065	ProVisioNET_study_110_02	Female	Novice	snapshot_students	28	snapshot_students	Bianca	0	0	0	0	0	0	0	0	0	0	0	0	0	0	0	0	0	0	0	0	0	0	0	0	0	0	0	0	0	0	0	0	0	0	0	0	0	0	0	0	0	0	0	0	0	0	0	0																																																	0				0			Carl(a)	Carl(a)	0				0			0				0			0				0			0				
Recording065	ProVisioNET_study_110_02	Female	Novice	snapshot_students	28	snapshot_students	Carl(a)	0	0	0	0	0	0	0	0	0	0	0	0	0	0	0	0	0	0	0	0	0	0	0	0	0	0	0	0	0	0	0	0	0	0	0	0	0	0	0	0	0	0	0	0	0	0	0	0																																																	200	200	200	200	1	0	200	Carl(a)	Carl(a)	0				0			200	200	200	200	1	0	200	200	200	200	200	1	0	200	0				
Recording065	ProVisioNET_study_110_02	Female	Novice	snapshot_students	29	snapshot_students	Anna	0	0	0	0	0	0	0	0	0	0	0	0	0	0	0	0	0	0	0	0	0	0	0	0	0	0	0	0	0	0	0	0	0	0	0	0	0	0	0	0	0	0	0	0	0	0	0	0																																																	0				0			Carl(a)	Carl(a)	0				0			0				0			0				0			0				
Recording065	ProVisioNET_study_110_02	Female	Novice	snapshot_students	29	snapshot_students	Bianca	0	0	0	0	0	0	0	0	0	0	0	0	0	0	0	0	0	0	0	0	0	0	0	0	0	0	0	0	0	0	0	0	0	0	0	0	0	0	0	0	0	0	0	0	0	0	0	0																																																	0				0			Carl(a)	Carl(a)	0				0			0				0			0				0			0				
Recording065	ProVisioNET_study_110_02	Female	Novice	snapshot_students	29	snapshot_students	Carl(a)	0	0	0	0	0	0	0	0	0	0	0	0	0	0	0	0	0	0	0	0	0	0	0	0	0	0	0	0	0	0	0	0	0	0	0	0	0	0	0	0	0	0	0	0	0	0	0	0																																																	4957	4957	4957	4957	1	0	4957	Carl(a)	Carl(a)	0				0			4957	4957	4957	4957	1	0	4957	4957	4957	4957	4957	1	0	4957	0				
Recording065	ProVisioNET_study_110_02	Female	Novice	snapshot_students	30	snapshot_students	Anna	0	0	0	0	0	0	0	0	0	0	0	0	0	0	0	0	0	0	0	0	0	0	0	0	0	0	0	0	0	0	0	0	0	0	0	0	0	0	0	0	0	0	0	0	0	0	0	0																																																	4457	557	280	1219	8	40	360	Bianca	Bianca	0				0			4477	640	280	1599	7	40	360	4517	645	280	1599	7	0	400	1	1119	400	227,99	364,69
Recording065	ProVisioNET_study_110_02	Female	Novice	snapshot_students	30	snapshot_students	Bianca	0	0	0	0	0	0	0	0	0	0	0	0	0	0	0	0	0	0	0	0	0	0	0	0	0	0	0	0	0	0	0	0	0	0	0	0	0	0	0	0	0	0	0	0	0	0	0	0																																																	12852	676	140	2618	19	440	380	Bianca	Bianca	0				0			17470	2184	160	10674	8	440	380	17470	2184	160	10674	8	440	380	18	400	820	364,69	402,75
Recording065	ProVisioNET_study_110_02	Female	Novice	snapshot_students	30	snapshot_students	Carl(a)	0	0	0	0	0	0	0	0	0	0	0	0	0	0	0	0	0	0	0	0	0	0	0	0	0	0	0	0	0	0	0	0	0	0	0	0	0	0	0	0	0	0	0	0	0	0	0	0																																																	4257	426	120	859	10	18509	859	Bianca	Bianca	0				0			5996	1199	280	3518	5	18509	3518	5996	1199	280	3518	5	18509	3518	3	18469	26564	104,94	228,7
Recording065	ProVisioNET_study_110_02	Female	Novice	snapshot_students	31	snapshot_students	Anna	0	0	0	0	0	0	0	0	0	0	0	0	0	0	0	0	0	0	0	0	0	0	0	0	0	0	0	0	0	0	0	0	0	0	0	0	0	0	0	0	0	0	0	0	0	0	0	0																																																	0				0			Carl(a)	Carl(a)	0				0			0				0			0				0			0				
Recording065	ProVisioNET_study_110_02	Female	Novice	snapshot_students	31	snapshot_students	Bianca	0	0	0	0	0	0	0	0	0	0	0	0	0	0	0	0	0	0	0	0	0	0	0	0	0	0	0	0	0	0	0	0	0	0	0	0	0	0	0	0	0	0	0	0	0	0	0	0																																																	0				0			Carl(a)	Carl(a)	0				0			0				0			0				0			0				
Recording065	ProVisioNET_study_110_02	Female	Novice	snapshot_students	31	snapshot_students	Carl(a)	0	0	0	0	0	0	0	0	0	0	0	0	0	0	0	0	0	0	0	0	0	0	0	0	0	0	0	0	0	0	0	0	0	0	0	0	0	0	0	0	0	0	0	0	0	0	0	0																																																	1179	590	380	800	2	0	380	Carl(a)	Carl(a)	0				0			2219	2219	2219	2219	1	0	2219	2219	2219	2219	2219	1	0	2219	2				
Recording065	ProVisioNET_study_110_02	Female	Novice	snapshot_students	32	snapshot_students	Anna	0	0	0	0	0	0	0	0	0	0	0	0	0	0	0	0	0	0	0	0	0	0	0	0	0	0	0	0	0	0	0	0	0	0	0	0	0	0	0	0	0	0	0	0	0	0	0	0																																																	1179	236	120	420	5	0	420	Anna	Anna	0				0			1219	406	160	720	3	0	720	1219	406	160	720	3	0	720	2	4777	720	313,7	387,38
Recording065	ProVisioNET_study_110_02	Female	Novice	snapshot_students	32	snapshot_students	Bianca	0	0	0	0	0	0	0	0	0	0	0	0	0	0	0	0	0	0	0	0	0	0	0	0	0	0	0	0	0	0	0	0	0	0	0	0	0	0	0	0	0	0	0	0	0	0	0	0																																																	1739	290	120	540	6	780	160	Anna	Anna	0				0			3178	795	160	2279	4	780	160	3178	795	160	2279	4	780	160	4	720	939	387,38	219,81
Recording065	ProVisioNET_study_110_02	Female	Novice	snapshot_students	32	snapshot_students	Carl(a)	0	0	0	0	0	0	0	0	0	0	0	0	0	0	0	0	0	0	0	0	0	0	0	0	0	0	0	0	0	0	0	0	0	0	0	0	0	0	0	0	0	0	0	0	0	0	0	0																																																	1539	770	460	1079	2	979	1079	Anna	Anna	0				0			1539	770	460	1079	2	979	1079	1539	770	460	1079	2	979	1079	0	939	2059	219,81	210,87
Recording065	ProVisioNET_study_110_02	Female	Novice	snapshot_students	33	snapshot_students	Anna	0	0	0	0	0	0	0	0	0	0	0	0	0	0	0	0	0	0	0	0	0	0	0	0	0	1	0	0	0	0	0	0	0	0	0	0	0	0	0	0	0	0	0	0	0	0	0	0																										20755																							2499	500	200	999	5	7595	360	Anna	Anna	0				0			2499	500	200	999	5	7595	360	2499	500	200	999	5	7595	360	0	7536	7955	344,12	406,4
Recording065	ProVisioNET_study_110_02	Female	Novice	snapshot_students	33	snapshot_students	Bianca	0	0	0	0	0	0	0	0	0	0	0	0	0	0	0	0	0	0	0	0	0	0	0	0	0	1	0	0	0	0	0	0	0	0	0	0	0	0	0	0	0	0	0	0	0	0	0	0																										20755																							5197	433	140	1459	12	2898	180	Anna	Anna	0				0			5657	566	140	2499	10	2898	2499	5657	566	140	2499	10	2898	2499	2	7156	5397	213,04	343,19
Recording065	ProVisioNET_study_110_02	Female	Novice	snapshot_students	33	snapshot_students	Carl(a)	0	0	0	0	0	0	0	0	0	0	0	0	0	0	0	0	0	0	0	0	0	0	0	0	0	1	0	0	0	0	0	0	0	0	0	0	0	0	0	0	0	0	0	0	0	0	0	0																										20755																							4317	617	380	919	7	0	480	Anna	Anna	0				0			4377	730	380	1579	6	0	480	4377	730	380	1579	6	0	480	1	6536	480	286,86	222,89
Recording065	ProVisioNET_study_110_02	Female	Novice	Entire Recording	1	fullstream	Anna	0	1	1	1	1	1	1	1	1	1	1	1	1	1	1	1	1	1	1	1	1	1	1	1	1	1	1	1	1	1	1	1	1	1	1	1	1	0	1	0	1	1	1	1	1	1	1	1		519991	516320	489991	1680639	1673181	1650639	1441304	1418195	1411304	1352038	1328558	1321550	1080806	1076460	1050806	1170799	1150178	1140799	991492	991492	961492	720559	693033	690559	1576073	520447	1738902	1734133	1708902	1262142	1239847	1232142	1417020	1326029	1069894	1149117		693739		781296	877894	810345	782953	780345	900900	879192	870900	175517	981	80	6576	179	521208	380	Anna		0				0			176656	1210	80	8395	146	521208	380	182872	1253	100	8435	146	521168	420	28	521168	521588	119,28	215,36
Recording065	ProVisioNET_study_110_02	Female	Novice	Entire Recording	1	fullstream	Bianca	0	1	1	1	1	1	1	1	1	1	1	1	1	1	1	1	1	1	1	1	1	1	1	1	1	1	1	1	1	1	1	1	1	1	1	1	1	0	1	0	1	1	1	1	1	1	1	1		519991	516320	489991	1680639	1673181	1650639	1441304	1418195	1411304	1352038	1328558	1321550	1080806	1076460	1050806	1170799	1150178	1140799	991492	991492	961492	720559	693033	690559	1576073	520447	1738902	1734133	1708902	1262142	1239847	1232142	1417020	1326029	1069894	1149117		693739		781296	877894	810345	782953	780345	900900	879192	870900	170919	777	80	9235	220	521628	760	Anna		0				0			172258	968	100	11493	178	521628	760	180474	1014	140	11533	178	521588	800	32	521588	522387	215,36	230,91
Recording065	ProVisioNET_study_110_02	Female	Novice	Entire Recording	1	fullstream	Board_Screen	0	1	1	1	1	1	1	1	1	1	1	1	1	1	1	1	1	1	1	1	1	1	1	1	1	1	1	1	1	1	1	1	1	1	1	1	1	0	1	0	1	1	1	1	1	1	1	1		519991	516320	489991	1680639	1673181	1650639	1441304	1418195	1411304	1352038	1328558	1321550	1080806	1076460	1050806	1170799	1150178	1140799	991492	991492	961492	720559	693033	690559	1576073	520447	1738902	1734133	1708902	1262142	1239847	1232142	1417020	1326029	1069894	1149117		693739		781296	877894	810345	782953	780345	900900	879192	870900	258488	401	80	6916	644	526705	140	Anna		0				0			291248	1955	80	8035	149	526705	140	296765	1992	100	8055	149	526665	180	412	589748	600721	234,34	270,79
Recording065	ProVisioNET_study_110_02	Female	Novice	Entire Recording	1	fullstream	Carl(a)	0	1	1	1	1	1	1	1	1	1	1	1	1	1	1	1	1	1	1	1	1	1	1	1	1	1	1	1	1	1	1	1	1	1	1	1	1	0	1	0	1	1	1	1	1	1	1	1		519991	516320	489991	1680639	1673181	1650639	1441304	1418195	1411304	1352038	1328558	1321550	1080806	1076460	1050806	1170799	1150178	1140799	991492	991492	961492	720559	693033	690559	1576073	520447	1738902	1734133	1708902	1262142	1239847	1232142	1417020	1326029	1069894	1149117		693739		781296	877894	810345	782953	780345	900900	879192	870900	181553	1365	80	11433	133	521028	140	Anna		0				0			184191	1806	80	11433	102	521028	140	188549	1849	140	11473	102	520968	200	21	520968	521168	289,33	119,28
Recording065	ProVisioNET_study_110_02	Female	Novice	Entire Recording	1	fullstream	Classroom_Others	0	1	1	1	1	1	1	1	1	1	1	1	1	1	1	1	1	1	1	1	1	1	1	1	1	1	1	1	1	1	1	1	1	1	1	1	1	0	1	0	1	1	1	1	1	1	1	1		519991	516320	489991	1680639	1673181	1650639	1441304	1418195	1411304	1352038	1328558	1321550	1080806	1076460	1050806	1170799	1150178	1140799	991492	991492	961492	720559	693033	690559	1576073	520447	1738902	1734133	1708902	1262142	1239847	1232142	1417020	1326029	1069894	1149117		693739		781296	877894	810345	782953	780345	900900	879192	870900	59365	360	80	5797	165	523806	380	Anna		0				0			62343	503	80	7016	124	523806	2359	67400	544	80	7056	124	523726	2439	28	526865	526165	276,75	331,18
Recording065	ProVisioNET_study_110_02	Female	Novice	Entire Recording	1	fullstream	Disruptive_Person	0	1	1	1	1	1	1	1	1	1	1	1	1	1	1	1	1	1	1	1	1	1	1	1	1	1	1	1	1	1	1	1	1	1	1	1	1	0	1	0	1	1	1	1	1	1	1	1		519991	516320	489991	1680639	1673181	1650639	1441304	1418195	1411304	1352038	1328558	1321550	1080806	1076460	1050806	1170799	1150178	1140799	991492	991492	961492	720559	693033	690559	1576073	520447	1738902	1734133	1708902	1262142	1239847	1232142	1417020	1326029	1069894	1149117		693739		781296	877894	810345	782953	780345	900900	879192	870900	40896	974	80	5936	42	691448	260	Anna		0				0			41555	1662	180	7196	25	691448	260	42695	1708	260	7236	25	691448	260	16	692468	781396	188,66	213,89
Recording065	ProVisioNET_study_110_02	Female	Novice	Entire Recording	1	fullstream	Material_Students	0	1	1	1	1	1	1	1	1	1	1	1	1	1	1	1	1	1	1	1	1	1	1	1	1	1	1	1	1	1	1	1	1	1	1	1	1	0	1	0	1	1	1	1	1	1	1	1		519991	516320	489991	1680639	1673181	1650639	1441304	1418195	1411304	1352038	1328558	1321550	1080806	1076460	1050806	1170799	1150178	1140799	991492	991492	961492	720559	693033	690559	1576073	520447	1738902	1734133	1708902	1262142	1239847	1232142	1417020	1326029	1069894	1149117		693739		781296	877894	810345	782953	780345	900900	879192	870900	18309	964	120	5936	19	1009561	620	Anna		0				0			18309	964	120	5936	19	1009561	620	18909	995	180	5976	19	1009521	660	0	1009521	1010181	257,95	326,94
Recording065	ProVisioNET_study_110_02	Female	Novice	Entire Recording	1	fullstream	Material_Teacher	0	1	1	1	1	1	1	1	1	1	1	1	1	1	1	1	1	1	1	1	1	1	1	1	1	1	1	1	1	1	1	1	1	1	1	1	1	0	1	0	1	1	1	1	1	1	1	1		519991	516320	489991	1680639	1673181	1650639	1441304	1418195	1411304	1352038	1328558	1321550	1080806	1076460	1050806	1170799	1150178	1140799	991492	991492	961492	720559	693033	690559	1576073	520447	1738902	1734133	1708902	1262142	1239847	1232142	1417020	1326029	1069894	1149117		693739		781296	877894	810345	782953	780345	900900	879192	870900	21287	453	100	2698	47	580154	340	Anna		0				0			22467	1182	140	4797	19	580154	340	23566	1240	200	4837	19	580074	420	28	580074	773460	438,27	339,01
Recording065	ProVisioNET_study_110_02	Female	Novice	Entire Recording	1	fullstream	Nametag_Anna	0	1	1	1	1	1	1	1	1	1	1	1	1	1	1	1	1	1	1	1	1	1	1	1	1	1	1	1	1	1	1	1	1	1	1	1	1	0	1	0	1	1	1	1	1	1	1	1		519991	516320	489991	1680639	1673181	1650639	1441304	1418195	1411304	1352038	1328558	1321550	1080806	1076460	1050806	1170799	1150178	1140799	991492	991492	961492	720559	693033	690559	1576073	520447	1738902	1734133	1708902	1262142	1239847	1232142	1417020	1326029	1069894	1149117		693739		781296	877894	810345	782953	780345	900900	879192	870900	3618	201	80	320	18	600022	220	Anna		0				0			3618	201	80	320	18	600022	220	4317	240	100	340	18	599982	260	0	599982	756430	317,25	258,68
Recording065	ProVisioNET_study_110_02	Female	Novice	Entire Recording	1	fullstream	Nametag_Bianca	0	1	1	1	1	1	1	1	1	1	1	1	1	1	1	1	1	1	1	1	1	1	1	1	1	1	1	1	1	1	1	1	1	1	1	1	1	0	1	0	1	1	1	1	1	1	1	1		519991	516320	489991	1680639	1673181	1650639	1441304	1418195	1411304	1352038	1328558	1321550	1080806	1076460	1050806	1170799	1150178	1140799	991492	991492	961492	720559	693033	690559	1576073	520447	1738902	1734133	1708902	1262142	1239847	1232142	1417020	1326029	1069894	1149117		693739		781296	877894	810345	782953	780345	900900	879192	870900	3278	193	100	320	17	566462	200	Anna		0				0			3278	193	100	320	17	566462	200	3998	235	140	400	17	566422	240	0	566422	566661	154,86	236,76
Recording065	ProVisioNET_study_110_02	Female	Novice	Entire Recording	1	fullstream	Nametag_Carl(a)	0	1	1	1	1	1	1	1	1	1	1	1	1	1	1	1	1	1	1	1	1	1	1	1	1	1	1	1	1	1	1	1	1	1	1	1	1	0	1	0	1	1	1	1	1	1	1	1		519991	516320	489991	1680639	1673181	1650639	1441304	1418195	1411304	1352038	1328558	1321550	1080806	1076460	1050806	1170799	1150178	1140799	991492	991492	961492	720559	693033	690559	1576073	520447	1738902	1734133	1708902	1262142	1239847	1232142	1417020	1326029	1069894	1149117		693739		781296	877894	810345	782953	780345	900900	879192	870900	2918	224	160	420	13	692048	160	Anna		0				0			2918	224	160	420	13	692048	160	3458	266	180	480	13	692028	180	0	692028	692208	126,48	350,24
Recording067	ProVisioNET_study_111_03	Female	Novice	Calibration_phase1_fix	1	fullstream	Board_Screen	0	0	1	1	0	0	0	0	0	0	0	0	0	0	0	0	0	0	0	0	0	0	0	0	0	0	1	0	0	0	0	0	0	0	0	0	0	0	0	0	0	0	0	0	0	0	0	0			12635	0																							14822																						457	114	18	220	4	29243	100	Board_Screen	Board_Screen	0				0			757	757	757	757	1	29243	757	757	757	757	757	1	29243	757	1				
Recording067	ProVisioNET_study_111_03	Female	Novice	Calibration_phase1_fix	1	fullstream	Classroom_Others	0	0	1	1	0	0	0	0	0	0	0	0	0	0	0	0	0	0	0	0	0	0	0	0	0	0	1	0	0	0	0	0	0	0	0	0	0	0	0	0	0	0	0	0	0	0	0	0			12635	0																							14822																						959	107	80	140	9	14971	140	Board_Screen	Board_Screen	0				0			13352	13352	13352	13352	1	14971	13352	13352	13352	13352	13352	1	14971	13352	3				
Recording067	ProVisioNET_study_111_03	Female	Novice	Chatting_with_neighbour	1	fullstream	Anna	0	0	0	0	0	0	0	0	0	1	0	0	0	0	0	0	0	0	0	0	0	0	0	0	0	0	0	0	0	0	0	0	0	1	0	0	0	0	0	0	0	0	0	0	0	0	0	0										0																								2006															0				0			Bianca	Bianca	0				0			0				0			0				0			0				
Recording067	ProVisioNET_study_111_03	Female	Novice	Chatting_with_neighbour	1	fullstream	Bianca	0	0	0	0	0	0	0	0	0	1	0	0	0	0	0	0	0	0	0	0	0	0	0	0	0	0	0	0	0	0	0	0	0	1	0	0	0	0	0	0	0	0	0	0	0	0	0	0										0																								2006															2157	1079	640	1518	2	265	640	Bianca	Bianca	0				0			2157	1079	640	1518	2	265	640	2217	1109	680	1538	2	225	680	0	225	904	645,4	183,94
Recording067	ProVisioNET_study_111_03	Female	Novice	Chatting_with_neighbour	1	fullstream	Carl(a)	0	0	0	0	0	0	0	0	0	1	0	0	0	0	0	0	0	0	0	0	0	0	0	0	0	0	0	0	0	0	0	0	0	1	0	0	0	0	0	0	0	0	0	0	0	0	0	0										0																								2006															0				0			Bianca	Bianca	0				0			0				0			0				0			0				
Recording067	ProVisioNET_study_111_03	Female	Novice	Chatting_with_neighbour	1	fullstream	Disruptive_Person	0	0	0	0	0	0	0	0	0	1	0	0	0	0	0	0	0	0	0	0	0	0	0	0	0	0	0	0	0	0	0	0	0	1	0	0	0	0	0	0	0	0	0	0	0	0	0	0										0																								2006															640	640	640	640	1	265	640	Bianca	Bianca	0				0			640	640	640	640	1	265	640	680	680	680	680	1	225	680	0	225	904	645,4	183,94
Recording067	ProVisioNET_study_111_03	Female	Novice	Chatting_with_neighbour	1	fullstream	Material_Teacher	0	0	0	0	0	0	0	0	0	1	0	0	0	0	0	0	0	0	0	0	0	0	0	0	0	0	0	0	0	0	0	0	0	1	0	0	0	0	0	0	0	0	0	0	0	0	0	0										0																								2006															180	180	180	180	1	45	180	Bianca	Bianca	0				0			180	180	180	180	1	45	180	225	225	225	225	1	0	225	0		225		645,4
Recording067	ProVisioNET_study_111_03	Female	Novice	Chatting_with_neighbour	1	fullstream	Nametag_Bianca	0	0	0	0	0	0	0	0	0	1	0	0	0	0	0	0	0	0	0	0	0	0	0	0	0	0	0	0	0	0	0	0	0	1	0	0	0	0	0	0	0	0	0	0	0	0	0	0										0																								2006															440	220	120	320	2	944	320	Bianca	Bianca	0				0			620	620	620	620	1	944	620	660	660	660	660	1	904	660	0	904		183,94	
Recording067	ProVisioNET_study_111_03	Female	Novice	Chatting_with_neighbour_fix	1	fullstream	Anna	0	0	0	0	0	0	0	0	1	1	0	0	0	0	0	0	0	0	0	0	0	0	0	0	0	0	0	0	0	0	0	0	0	1	0	0	0	0	0	0	0	0	0	0	0	0	0	0									3141	0																								2006															4297	477	80	2299	9	12737	80	Board_Screen	Board_Screen	0				0			5417	677	80	2299	8	12737	80	5857	732	100	2359	8	12717	100	0	16095	16995	161,9	397,71
Recording067	ProVisioNET_study_111_03	Female	Novice	Chatting_with_neighbour_fix	1	fullstream	Bianca	0	0	0	0	0	0	0	0	1	1	0	0	0	0	0	0	0	0	0	0	0	0	0	0	0	0	0	0	0	0	0	0	0	1	0	0	0	0	0	0	0	0	0	0	0	0	0	0									3141	0																								2006															13452	961	180	3578	14	265	640	Board_Screen	Board_Screen	0				0			14112	1283	180	4537	11	265	640	14591	1326	260	4557	11	225	680	0	225	904	645,4	183,94
Recording067	ProVisioNET_study_111_03	Female	Novice	Chatting_with_neighbour_fix	1	fullstream	Board_Screen	0	0	0	0	0	0	0	0	1	1	0	0	0	0	0	0	0	0	0	0	0	0	0	0	0	0	0	0	0	0	0	0	0	1	0	0	0	0	0	0	0	0	0	0	0	0	0	0									3141	0																								2006															473	237	74	400	2	23591	400	Board_Screen	Board_Screen	0				0			473	237	74	400	2	23591	400	513	257	94	420	2	23571	420	0	29907		478,7	
Recording067	ProVisioNET_study_111_03	Female	Novice	Chatting_with_neighbour_fix	1	fullstream	Carl(a)	0	0	0	0	0	0	0	0	1	1	0	0	0	0	0	0	0	0	0	0	0	0	0	0	0	0	0	0	0	0	0	0	0	1	0	0	0	0	0	0	0	0	0	0	0	0	0	0									3141	0																								2006															360	180	80	280	2	15356	280	Board_Screen	Board_Screen	0				0			360	180	80	280	2	15356	280	480	240	120	360	2	15276	360	0	17674		140,91	
Recording067	ProVisioNET_study_111_03	Female	Novice	Chatting_with_neighbour_fix	1	fullstream	Classroom_Others	0	0	0	0	0	0	0	0	1	1	0	0	0	0	0	0	0	0	0	0	0	0	0	0	0	0	0	0	0	0	0	0	0	1	0	0	0	0	0	0	0	0	0	0	0	0	0	0									3141	0																								2006															819	137	80	160	6	10758	160	Board_Screen	Board_Screen	0				0			819	137	80	160	6	10758	160	1079	180	100	260	6	10718	200	0	17514	10918	393,89	223,95
Recording067	ProVisioNET_study_111_03	Female	Novice	Chatting_with_neighbour_fix	1	fullstream	Disruptive_Person	0	0	0	0	0	0	0	0	1	1	0	0	0	0	0	0	0	0	0	0	0	0	0	0	0	0	0	0	0	0	0	0	0	1	0	0	0	0	0	0	0	0	0	0	0	0	0	0									3141	0																								2006															640	640	640	640	1	265	640	Board_Screen	Board_Screen	0				0			640	640	640	640	1	265	640	680	680	680	680	1	225	680	0	225	904	645,4	183,94
Recording067	ProVisioNET_study_111_03	Female	Novice	Chatting_with_neighbour_fix	1	fullstream	Material_Teacher	0	0	0	0	0	0	0	0	1	1	0	0	0	0	0	0	0	0	0	0	0	0	0	0	0	0	0	0	0	0	0	0	0	1	0	0	0	0	0	0	0	0	0	0	0	0	0	0									3141	0																								2006															680	227	180	260	3	45	180	Board_Screen	Board_Screen	0				0			700	350	180	520	2	45	180	764	382	225	540	2	0	225	1		225		645,4
Recording067	ProVisioNET_study_111_03	Female	Novice	Chatting_with_neighbour_fix	1	fullstream	Nametag_Anna	0	0	0	0	0	0	0	0	1	1	0	0	0	0	0	0	0	0	0	0	0	0	0	0	0	0	0	0	0	0	0	0	0	1	0	0	0	0	0	0	0	0	0	0	0	0	0	0									3141	0																								2006															200	200	200	200	1	16595	200	Board_Screen	Board_Screen	0				0			200	200	200	200	1	16595	200	260	260	260	260	1	16535	260	0		16795		305,12
Recording067	ProVisioNET_study_111_03	Female	Novice	Chatting_with_neighbour_fix	1	fullstream	Nametag_Bianca	0	0	0	0	0	0	0	0	1	1	0	0	0	0	0	0	0	0	0	0	0	0	0	0	0	0	0	0	0	0	0	0	0	1	0	0	0	0	0	0	0	0	0	0	0	0	0	0									3141	0																								2006															520	173	80	320	3	944	320	Board_Screen	Board_Screen	0				0			700	350	80	620	2	944	620	740	370	80	660	2	904	660	0	904		183,94	
Recording067	ProVisioNET_study_111_03	Female	Novice	Clicking_pen	1	fullstream	Anna	0	0	0	0	0	0	0	0	0	0	0	0	1	0	0	0	0	0	0	0	0	0	0	0	0	0	0	0	0	0	0	0	0	0	1	0	0	0	0	0	0	0	0	0	0	0	0	0													0																						12335														320	320	320	320	1	11291	320	Bianca,Disruptive_Person	Bianca,Disruptive_Person	0				0			320	320	320	320	1	11291	320	340	340	340	340	1	11271	340	0	11271	11610	399,58	330,84
Recording067	ProVisioNET_study_111_03	Female	Novice	Clicking_pen	1	fullstream	Bianca	0	0	0	0	0	0	0	0	0	0	0	0	1	0	0	0	0	0	0	0	0	0	0	0	0	0	0	0	0	0	0	0	0	0	1	0	0	0	0	0	0	0	0	0	0	0	0	0													0																						12335														2553	365	140	680	7	11670	680	Bianca,Disruptive_Person	Bianca,Disruptive_Person	0				0			2613	523	195	919	5	11670	680	2773	555	255	919	5	11610	740	2	11610	12350	330,84	122,07
Recording067	ProVisioNET_study_111_03	Female	Novice	Clicking_pen	1	fullstream	Board_Screen	0	0	0	0	0	0	0	0	0	0	0	0	1	0	0	0	0	0	0	0	0	0	0	0	0	0	0	0	0	0	0	0	0	0	1	0	0	0	0	0	0	0	0	0	0	0	0	0													0																						12335														620	207	100	380	3	8832	100	Bianca,Disruptive_Person	Bianca,Disruptive_Person	0				0			720	720	720	720	1	8832	720	740	740	740	740	1	8812	740	1		9552		127,96
Recording067	ProVisioNET_study_111_03	Female	Novice	Clicking_pen	1	fullstream	Carl(a)	0	0	0	0	0	0	0	0	0	0	0	0	1	0	0	0	0	0	0	0	0	0	0	0	0	0	0	0	0	0	0	0	0	0	1	0	0	0	0	0	0	0	0	0	0	0	0	0													0																						12335														4375	486	77	1439	9	0	77	Bianca,Disruptive_Person	Bianca,Disruptive_Person	0				0			5774	1925	400	3395	3	0	3395	5934	1978	440	3395	3	0	3395	2	6573		289,69	
Recording067	ProVisioNET_study_111_03	Female	Novice	Clicking_pen	1	fullstream	Classroom_Others	0	0	0	0	0	0	0	0	0	0	0	0	1	0	0	0	0	0	0	0	0	0	0	0	0	0	0	0	0	0	0	0	0	0	1	0	0	0	0	0	0	0	0	0	0	0	0	0													0																						12335														2479	225	80	1019	11	3715	260	Bianca,Disruptive_Person	Bianca,Disruptive_Person	0				0			2758	460	100	1019	6	3715	260	2858	476	120	1039	6	3715	260	2	8113		119,69	
Recording067	ProVisioNET_study_111_03	Female	Novice	Clicking_pen	1	fullstream	Disruptive_Person	0	0	0	0	0	0	0	0	0	0	0	0	1	0	0	0	0	0	0	0	0	0	0	0	0	0	0	0	0	0	0	0	0	0	1	0	0	0	0	0	0	0	0	0	0	0	0	0													0																						12335														2793	349	140	680	8	11670	680	Bianca,Disruptive_Person	Bianca,Disruptive_Person	0				0			3113	778	195	1319	4	11670	680	3253	813	255	1339	4	11610	740	3	11610	12350	330,84	122,07
Recording067	ProVisioNET_study_111_03	Female	Novice	Clicking_pen	1	fullstream	Material_Teacher	0	0	0	0	0	0	0	0	0	0	0	0	1	0	0	0	0	0	0	0	0	0	0	0	0	0	0	0	0	0	0	0	0	0	1	0	0	0	0	0	0	0	0	0	0	0	0	0													0																						12335														380	380	380	380	1	10891	380	Bianca,Disruptive_Person	Bianca,Disruptive_Person	0				0			380	380	380	380	1	10891	380	440	440	440	440	1	10831	440	0		11271		399,58
Recording067	ProVisioNET_study_111_03	Female	Novice	Clicking_pen	1	fullstream	Nametag_Carl(a)	0	0	0	0	0	0	0	0	0	0	0	0	1	0	0	0	0	0	0	0	0	0	0	0	0	0	0	0	0	0	0	0	0	0	1	0	0	0	0	0	0	0	0	0	0	0	0	0													0																						12335														80	80	80	80	1	6494	80	Bianca,Disruptive_Person	Bianca,Disruptive_Person	0				0			80	80	80	80	1	6494	80	80	80	80	80	1	6494	80	0		6573		289,69
Recording067	ProVisioNET_study_111_03	Female	Novice	Clicking_pen_fix	1	fullstream	Anna	0	0	0	0	0	0	0	0	0	0	0	1	1	0	0	0	0	0	0	0	0	0	0	0	0	0	0	0	0	0	0	0	0	0	1	0	0	0	0	0	0	0	0	0	0	0	0	0												15603	0																						12335														320	320	320	320	1	11291	320	Classroom_Others	Classroom_Others	0				0			320	320	320	320	1	11291	320	340	340	340	340	1	11271	340	0	11271	11610	399,58	330,84
Recording067	ProVisioNET_study_111_03	Female	Novice	Clicking_pen_fix	1	fullstream	Bianca	0	0	0	0	0	0	0	0	0	0	0	1	1	0	0	0	0	0	0	0	0	0	0	0	0	0	0	0	0	0	0	0	0	0	1	0	0	0	0	0	0	0	0	0	0	0	0	0												15603	0																						12335														4217	422	140	859	10	11670	680	Classroom_Others	Classroom_Others	0				0			4597	766	320	1679	6	11670	680	4777	796	340	1699	6	11610	740	3	11610	12350	330,84	122,07
Recording067	ProVisioNET_study_111_03	Female	Novice	Clicking_pen_fix	1	fullstream	Board_Screen	0	0	0	0	0	0	0	0	0	0	0	1	1	0	0	0	0	0	0	0	0	0	0	0	0	0	0	0	0	0	0	0	0	0	1	0	0	0	0	0	0	0	0	0	0	0	0	0												15603	0																						12335														5497	550	100	1899	10	8832	100	Classroom_Others	Classroom_Others	0				0			5896	2948	720	5177	2	8832	720	5936	2968	740	5197	2	8812	740	5		9552		127,96
Recording067	ProVisioNET_study_111_03	Female	Novice	Clicking_pen_fix	1	fullstream	Carl(a)	0	0	0	0	0	0	0	0	0	0	0	1	1	0	0	0	0	0	0	0	0	0	0	0	0	0	0	0	0	0	0	0	0	0	1	0	0	0	0	0	0	0	0	0	0	0	0	0												15603	0																						12335														6693	558	77	1439	12	0	77	Classroom_Others	Classroom_Others	0				0			8412	2103	400	3395	4	0	3395	8632	2158	440	3395	4	0	3395	2	6573		289,69	
Recording067	ProVisioNET_study_111_03	Female	Novice	Clicking_pen_fix	1	fullstream	Classroom_Others	0	0	0	0	0	0	0	0	0	0	0	1	1	0	0	0	0	0	0	0	0	0	0	0	0	0	0	0	0	0	0	0	0	0	1	0	0	0	0	0	0	0	0	0	0	0	0	0												15603	0																						12335														4178	298	80	1320	14	3715	260	Classroom_Others	Classroom_Others	0				0			4458	495	100	1320	9	3715	260	4738	526	120	1380	9	3715	260	2	8113		119,69	
Recording067	ProVisioNET_study_111_03	Female	Novice	Clicking_pen_fix	1	fullstream	Disruptive_Person	0	0	0	0	0	0	0	0	0	0	0	1	1	0	0	0	0	0	0	0	0	0	0	0	0	0	0	0	0	0	0	0	0	0	1	0	0	0	0	0	0	0	0	0	0	0	0	0												15603	0																						12335														3098	387	140	680	8	11670	680	Classroom_Others	Classroom_Others	0				0			3418	854	500	1319	4	11670	680	3558	889	560	1339	4	11610	740	3	11610	12350	330,84	122,07
Recording067	ProVisioNET_study_111_03	Female	Novice	Clicking_pen_fix	1	fullstream	Material_Teacher	0	0	0	0	0	0	0	0	0	0	0	1	1	0	0	0	0	0	0	0	0	0	0	0	0	0	0	0	0	0	0	0	0	0	1	0	0	0	0	0	0	0	0	0	0	0	0	0												15603	0																						12335														600	200	80	380	3	10891	380	Classroom_Others	Classroom_Others	0				0			620	310	240	380	2	10891	380	720	360	280	440	2	10831	440	1		11271		399,58
Recording067	ProVisioNET_study_111_03	Female	Novice	Clicking_pen_fix	1	fullstream	Nametag_Carl(a)	0	0	0	0	0	0	0	0	0	0	0	1	1	0	0	0	0	0	0	0	0	0	0	0	0	0	0	0	0	0	0	0	0	0	1	0	0	0	0	0	0	0	0	0	0	0	0	0												15603	0																						12335														180	90	80	100	2	6494	80	Classroom_Others	Classroom_Others	0				0			180	90	80	100	2	6494	80	260	130	80	180	2	6494	80	0		6573		289,69
Recording067	ProVisioNET_study_111_03	Female	Novice	Drawing	1	fullstream	Anna	0	0	0	0	0	0	0	0	0	0	0	0	0	0	0	1	0	0	0	0	0	0	0	0	0	0	0	0	0	0	0	0	0	0	0	1	0	0	0	0	0	0	0	0	0	0	0	0																0																				10422													0				0			Carl(a)	Carl(a)	0				0			0				0			0				0			0				
Recording067	ProVisioNET_study_111_03	Female	Novice	Drawing	1	fullstream	Bianca	0	0	0	0	0	0	0	0	0	0	0	0	0	0	0	1	0	0	0	0	0	0	0	0	0	0	0	0	0	0	0	0	0	0	0	1	0	0	0	0	0	0	0	0	0	0	0	0																0																				10422													200	200	200	200	1	9163	200	Carl(a)	Carl(a)	0				0			200	200	200	200	1	9163	200	260	260	260	260	1	9103	260	0	9103	9363	431,29	733,61
Recording067	ProVisioNET_study_111_03	Female	Novice	Drawing	1	fullstream	Board_Screen	0	0	0	0	0	0	0	0	0	0	0	0	0	0	0	1	0	0	0	0	0	0	0	0	0	0	0	0	0	0	0	0	0	0	0	1	0	0	0	0	0	0	0	0	0	0	0	0																0																				10422													7984	1597	160	6196	5	0	308	Carl(a)	Carl(a)	0				0			8343	8343	8343	8343	1	0	8343	8343	8343	8343	8343	1	0	8343	2				
Recording067	ProVisioNET_study_111_03	Female	Novice	Drawing	1	fullstream	Carl(a)	0	0	0	0	0	0	0	0	0	0	0	0	0	0	0	1	0	0	0	0	0	0	0	0	0	0	0	0	0	0	0	0	0	0	0	1	0	0	0	0	0	0	0	0	0	0	0	0																0																				10422													2011	670	100	1419	3	9003	100	Carl(a)	Carl(a)	0				0			2011	670	100	1419	3	9003	100	2171	724	120	1479	3	8983	120	0	10542	9103	180,56	431,29
Recording067	ProVisioNET_study_111_03	Female	Novice	Drawing	1	fullstream	Disruptive_Person	0	0	0	0	0	0	0	0	0	0	0	0	0	0	0	1	0	0	0	0	0	0	0	0	0	0	0	0	0	0	0	0	0	0	0	1	0	0	0	0	0	0	0	0	0	0	0	0																0																				10422													2718	906	460	1419	3	9423	839	Carl(a)	Carl(a)	0				0			2898	1449	839	2059	2	9423	839	3018	1509	899	2119	2	9363	899	0	9363	10262	733,61	177,97
Recording067	ProVisioNET_study_111_03	Female	Novice	Drawing	1	fullstream	Material_Students	0	0	0	0	0	0	0	0	0	0	0	0	0	0	0	1	0	0	0	0	0	0	0	0	0	0	0	0	0	0	0	0	0	0	0	1	0	0	0	0	0	0	0	0	0	0	0	0																0																				10422													1299	650	460	839	2	9423	839	Carl(a)	Carl(a)	0				0			1299	650	460	839	2	9423	839	1359	680	460	899	2	9363	899	0	9363	10262	733,61	177,97
Recording067	ProVisioNET_study_111_03	Female	Novice	Drawing	1	fullstream	Nametag_Carl(a)	0	0	0	0	0	0	0	0	0	0	0	0	0	0	0	1	0	0	0	0	0	0	0	0	0	0	0	0	0	0	0	0	0	0	0	1	0	0	0	0	0	0	0	0	0	0	0	0																0																				10422													240	240	240	240	1	10302	240	Carl(a)	Carl(a)	0				0			240	240	240	240	1	10302	240	280	280	280	280	1	10262	280	0	10262	10542	177,97	180,56
Recording067	ProVisioNET_study_111_03	Female	Novice	Drawing_fix	1	fullstream	Anna	0	0	0	0	0	0	0	0	0	0	0	0	0	0	1	1	0	0	0	0	0	0	0	0	0	0	0	0	0	0	0	0	0	0	0	1	0	0	0	0	0	0	0	0	0	0	0	0															13352	0																				10422													0				0			Board_Screen	Board_Screen	0				0			0				0			0				0			0				
Recording067	ProVisioNET_study_111_03	Female	Novice	Drawing_fix	1	fullstream	Bianca	0	0	0	0	0	0	0	0	0	0	0	0	0	0	1	1	0	0	0	0	0	0	0	0	0	0	0	0	0	0	0	0	0	0	0	1	0	0	0	0	0	0	0	0	0	0	0	0															13352	0																				10422													899	300	200	360	3	9163	200	Board_Screen	Board_Screen	0				0			899	300	200	360	3	9163	200	1039	346	260	420	3	9103	260	0	9103	9363	431,29	733,61
Recording067	ProVisioNET_study_111_03	Female	Novice	Drawing_fix	1	fullstream	Board_Screen	0	0	0	0	0	0	0	0	0	0	0	0	0	0	1	1	0	0	0	0	0	0	0	0	0	0	0	0	0	0	0	0	0	0	0	1	0	0	0	0	0	0	0	0	0	0	0	0															13352	0																				10422													8233	1372	160	6196	6	0	308	Board_Screen	Board_Screen	0				0			8593	4297	250	8343	2	0	8343	8613	4307	270	8343	2	0	8343	2				
Recording067	ProVisioNET_study_111_03	Female	Novice	Drawing_fix	1	fullstream	Carl(a)	0	0	0	0	0	0	0	0	0	0	0	0	0	0	1	1	0	0	0	0	0	0	0	0	0	0	0	0	0	0	0	0	0	0	0	1	0	0	0	0	0	0	0	0	0	0	0	0															13352	0																				10422													12413	730	100	2059	17	9003	100	Board_Screen	Board_Screen	0				0			15131	2162	100	6196	7	9003	100	15431	2204	120	6196	7	8983	120	2	10542	9103	180,56	431,29
Recording067	ProVisioNET_study_111_03	Female	Novice	Drawing_fix	1	fullstream	Classroom_Others	0	0	0	0	0	0	0	0	0	0	0	0	0	0	1	1	0	0	0	0	0	0	0	0	0	0	0	0	0	0	0	0	0	0	0	1	0	0	0	0	0	0	0	0	0	0	0	0															13352	0																				10422													320	107	80	140	3	29211	140	Board_Screen	Board_Screen	0				0			360	360	360	360	1	29211	360	380	380	380	380	1	29191	380	2				
Recording067	ProVisioNET_study_111_03	Female	Novice	Drawing_fix	1	fullstream	Disruptive_Person	0	0	0	0	0	0	0	0	0	0	0	0	0	0	1	1	0	0	0	0	0	0	0	0	0	0	0	0	0	0	0	0	0	0	0	1	0	0	0	0	0	0	0	0	0	0	0	0															13352	0																				10422													2718	906	460	1419	3	9423	839	Board_Screen	Board_Screen	0				0			2898	1449	839	2059	2	9423	839	3018	1509	899	2119	2	9363	899	0	9363	10262	733,61	177,97
Recording067	ProVisioNET_study_111_03	Female	Novice	Drawing_fix	1	fullstream	Material_Students	0	0	0	0	0	0	0	0	0	0	0	0	0	0	1	1	0	0	0	0	0	0	0	0	0	0	0	0	0	0	0	0	0	0	0	1	0	0	0	0	0	0	0	0	0	0	0	0															13352	0																				10422													1299	650	460	839	2	9423	839	Board_Screen	Board_Screen	0				0			1299	650	460	839	2	9423	839	1359	680	460	899	2	9363	899	0	9363	10262	733,61	177,97
Recording067	ProVisioNET_study_111_03	Female	Novice	Drawing_fix	1	fullstream	Nametag_Carl(a)	0	0	0	0	0	0	0	0	0	0	0	0	0	0	1	1	0	0	0	0	0	0	0	0	0	0	0	0	0	0	0	0	0	0	0	1	0	0	0	0	0	0	0	0	0	0	0	0															13352	0																				10422													460	230	220	240	2	10302	240	Board_Screen	Board_Screen	0				0			460	230	220	240	2	10302	240	560	280	280	280	2	10262	280	0	10262	10542	177,97	180,56
Recording067	ProVisioNET_study_111_03	Female	Novice	Drumming_with_hands	1	fullstream	Anna	0	0	0	0	0	0	0	0	0	0	0	0	0	0	0	0	0	0	1	0	0	0	0	0	0	0	0	0	0	0	0	0	0	0	0	0	1	0	0	0	0	0	0	0	0	0	0	0																			0																		2864												3210	802	424	1587	4	0	424	Anna,Disruptive_Person	Anna,Disruptive_Person	0				0			3630	1815	424	3206	2	0	424	3690	1845	424	3266	2	0	424	0	904	424	281,85	324,18
Recording067	ProVisioNET_study_111_03	Female	Novice	Drumming_with_hands	1	fullstream	Bianca	0	0	0	0	0	0	0	0	0	0	0	0	0	0	0	0	0	0	1	0	0	0	0	0	0	0	0	0	0	0	0	0	0	0	0	0	1	0	0	0	0	0	0	0	0	0	0	0																			0																		2864												0				0			Anna,Disruptive_Person	Anna,Disruptive_Person	0				0			0				0			0				0			0				
Recording067	ProVisioNET_study_111_03	Female	Novice	Drumming_with_hands	1	fullstream	Carl(a)	0	0	0	0	0	0	0	0	0	0	0	0	0	0	0	0	0	0	1	0	0	0	0	0	0	0	0	0	0	0	0	0	0	0	0	0	1	0	0	0	0	0	0	0	0	0	0	0																			0																		2864												0				0			Anna,Disruptive_Person	Anna,Disruptive_Person	0				0			0				0			0				0			0				
Recording067	ProVisioNET_study_111_03	Female	Novice	Drumming_with_hands	1	fullstream	Disruptive_Person	0	0	0	0	0	0	0	0	0	0	0	0	0	0	0	0	0	0	1	0	0	0	0	0	0	0	0	0	0	0	0	0	0	0	0	0	1	0	0	0	0	0	0	0	0	0	0	0																			0																		2864												3210	802	424	1587	4	0	424	Anna,Disruptive_Person	Anna,Disruptive_Person	0				0			3630	1815	424	3206	2	0	424	3690	1845	424	3266	2	0	424	0	904	424	281,85	324,18
Recording067	ProVisioNET_study_111_03	Female	Novice	Drumming_with_hands	1	fullstream	Nametag_Anna	0	0	0	0	0	0	0	0	0	0	0	0	0	0	0	0	0	0	1	0	0	0	0	0	0	0	0	0	0	0	0	0	0	0	0	0	1	0	0	0	0	0	0	0	0	0	0	0																			0																		2864												420	420	420	420	1	484	420	Anna,Disruptive_Person	Anna,Disruptive_Person	0				0			420	420	420	420	1	484	420	480	480	480	480	1	424	480	0	424	904	324,18	281,85
Recording067	ProVisioNET_study_111_03	Female	Novice	Drumming_with_hands_fix	1	fullstream	Anna	0	0	0	0	0	0	0	0	0	0	0	0	0	0	0	0	0	1	1	0	0	0	0	0	0	0	0	0	0	0	0	0	0	0	0	0	1	0	0	0	0	0	0	0	0	0	0	0																		4169	0																		2864												5301	884	424	2199	6	0	424	Bianca	Bianca	0				0			5721	1430	424	3818	4	0	424	5881	1470	424	3878	4	0	424	0	904	424	281,85	324,18
Recording067	ProVisioNET_study_111_03	Female	Novice	Drumming_with_hands_fix	1	fullstream	Bianca	0	0	0	0	0	0	0	0	0	0	0	0	0	0	0	0	0	1	1	0	0	0	0	0	0	0	0	0	0	0	0	0	0	0	0	0	1	0	0	0	0	0	0	0	0	0	0	0																		4169	0																		2864												10327	1147	80	3918	9	5841	680	Bianca	Bianca	0				0			10447	1306	160	4118	8	5841	680	10827	1353	240	4118	8	5761	760	1	9099	25169	611,6	722,76
Recording067	ProVisioNET_study_111_03	Female	Novice	Drumming_with_hands_fix	1	fullstream	Board_Screen	0	0	0	0	0	0	0	0	0	0	0	0	0	0	0	0	0	1	1	0	0	0	0	0	0	0	0	0	0	0	0	0	0	0	0	0	1	0	0	0	0	0	0	0	0	0	0	0																		4169	0																		2864												7136	476	80	2319	15	5321	80	Bianca	Bianca	0				0			7236	724	140	2978	10	5321	280	7735	774	160	3018	10	5321	280	4	25169	9099	722,76	611,6
Recording067	ProVisioNET_study_111_03	Female	Novice	Drumming_with_hands_fix	1	fullstream	Carl(a)	0	0	0	0	0	0	0	0	0	0	0	0	0	0	0	0	0	1	1	0	0	0	0	0	0	0	0	0	0	0	0	0	0	0	0	0	1	0	0	0	0	0	0	0	0	0	0	0																		4169	0																		2864												680	680	680	680	1	16375	680	Bianca	Bianca	0				0			680	680	680	680	1	16375	680	700	700	700	700	1	16355	700	0				
Recording067	ProVisioNET_study_111_03	Female	Novice	Drumming_with_hands_fix	1	fullstream	Classroom_Others	0	0	0	0	0	0	0	0	0	0	0	0	0	0	0	0	0	1	1	0	0	0	0	0	0	0	0	0	0	0	0	0	0	0	0	0	1	0	0	0	0	0	0	0	0	0	0	0																		4169	0																		2864												160	80	80	80	2	7380	80	Bianca	Bianca	0				0			160	80	80	80	2	7380	80	240	120	120	120	2	7340	120	0		7460		303,82
Recording067	ProVisioNET_study_111_03	Female	Novice	Drumming_with_hands_fix	1	fullstream	Disruptive_Person	0	0	0	0	0	0	0	0	0	0	0	0	0	0	0	0	0	1	1	0	0	0	0	0	0	0	0	0	0	0	0	0	0	0	0	0	1	0	0	0	0	0	0	0	0	0	0	0																		4169	0																		2864												3822	956	424	2199	4	0	424	Bianca	Bianca	0				0			4242	2121	424	3818	2	0	424	4302	2151	424	3878	2	0	424	0	904	424	281,85	324,18
Recording067	ProVisioNET_study_111_03	Female	Novice	Drumming_with_hands_fix	1	fullstream	Nametag_Anna	0	0	0	0	0	0	0	0	0	0	0	0	0	0	0	0	0	1	1	0	0	0	0	0	0	0	0	0	0	0	0	0	0	0	0	0	1	0	0	0	0	0	0	0	0	0	0	0																		4169	0																		2864												420	420	420	420	1	484	420	Bianca	Bianca	0				0			420	420	420	420	1	484	420	480	480	480	480	1	424	480	0	424	904	324,18	281,85
Recording067	ProVisioNET_study_111_03	Female	Novice	Head_on_table	1	fullstream	Anna	0	0	0	0	0	0	0	0	0	0	0	0	0	0	0	0	0	0	0	0	0	1	0	0	0	0	0	0	0	0	0	0	0	0	0	0	0	1	0	0	0	0	0	0	0	0	0	0																						0																2303											0				0			Bianca,Disruptive_Person		0				0			0				0			0				0			0				
Recording067	ProVisioNET_study_111_03	Female	Novice	Head_on_table	1	fullstream	Bianca	0	0	0	0	0	0	0	0	0	0	0	0	0	0	0	0	0	0	0	0	0	1	0	0	0	0	0	0	0	0	0	0	0	0	0	0	0	1	0	0	0	0	0	0	0	0	0	0																						0																2303											2733	342	80	600	8	0	494	Bianca,Disruptive_Person		0				0			3173	1586	494	2678	2	0	494	3253	1626	494	2758	2	0	494	4	734	494	374,67	386,75
Recording067	ProVisioNET_study_111_03	Female	Novice	Head_on_table	1	fullstream	Carl(a)	0	0	0	0	0	0	0	0	0	0	0	0	0	0	0	0	0	0	0	0	0	1	0	0	0	0	0	0	0	0	0	0	0	0	0	0	0	1	0	0	0	0	0	0	0	0	0	0																						0																2303											0				0			Bianca,Disruptive_Person		0				0			0				0			0				0			0				
Recording067	ProVisioNET_study_111_03	Female	Novice	Head_on_table	1	fullstream	Classroom_Others	0	0	0	0	0	0	0	0	0	0	0	0	0	0	0	0	0	0	0	0	0	1	0	0	0	0	0	0	0	0	0	0	0	0	0	0	0	1	0	0	0	0	0	0	0	0	0	0																						0																2303											200	200	200	200	1	534	200	Bianca,Disruptive_Person		0				0			200	200	200	200	1	534	200	240	240	240	240	1	494	240	0	494	734	386,75	374,67
Recording067	ProVisioNET_study_111_03	Female	Novice	Head_on_table	1	fullstream	Disruptive_Person	0	0	0	0	0	0	0	0	0	0	0	0	0	0	0	0	0	0	0	0	0	1	0	0	0	0	0	0	0	0	0	0	0	0	0	0	0	1	0	0	0	0	0	0	0	0	0	0																						0																2303											2733	342	80	600	8	0	494	Bianca,Disruptive_Person		0				0			3173	1586	494	2678	2	0	494	3253	1626	494	2758	2	0	494	4	734	494	374,67	386,75
Recording067	ProVisioNET_study_111_03	Female	Novice	Head_on_table_fix	1	fullstream	Anna	0	0	0	0	0	0	0	0	0	0	0	0	0	0	0	0	0	0	0	0	1	1	0	0	0	0	0	0	0	0	0	0	0	0	0	0	0	1	0	0	0	0	0	0	0	0	0	0																					3586	0																2303											4177	418	120	1739	10	7710	360	Board_Screen	Board_Screen	0				0			4297	859	220	2778	5	7710	360	4557	911	240	2878	5	7670	400	5	9229	11628	115,84	211,46
Recording067	ProVisioNET_study_111_03	Female	Novice	Head_on_table_fix	1	fullstream	Bianca	0	0	0	0	0	0	0	0	0	0	0	0	0	0	0	0	0	0	0	0	1	1	0	0	0	0	0	0	0	0	0	0	0	0	0	0	0	1	0	0	0	0	0	0	0	0	0	0																					3586	0																2303											2733	342	80	600	8	0	494	Board_Screen	Board_Screen	0				0			3173	1586	494	2678	2	0	494	3253	1626	494	2758	2	0	494	4	734	494	374,67	386,75
Recording067	ProVisioNET_study_111_03	Female	Novice	Head_on_table_fix	1	fullstream	Board_Screen	0	0	0	0	0	0	0	0	0	0	0	0	0	0	0	0	0	0	0	0	1	1	0	0	0	0	0	0	0	0	0	0	0	0	0	0	0	1	0	0	0	0	0	0	0	0	0	0																					3586	0																2303											6979	634	100	3538	11	22341	240	Board_Screen	Board_Screen	0				0			7659	7659	7659	7659	1	22341	7659	7699	7699	7699	7699	1	22301	7699	7				
Recording067	ProVisioNET_study_111_03	Female	Novice	Head_on_table_fix	1	fullstream	Carl(a)	0	0	0	0	0	0	0	0	0	0	0	0	0	0	0	0	0	0	0	0	1	1	0	0	0	0	0	0	0	0	0	0	0	0	0	0	0	1	0	0	0	0	0	0	0	0	0	0																					3586	0																2303											1359	340	220	440	4	7190	280	Board_Screen	Board_Screen	0				0			1359	340	220	440	4	7190	280	1559	390	220	520	4	7170	300	0	7170	13147	200,33	356,97
Recording067	ProVisioNET_study_111_03	Female	Novice	Head_on_table_fix	1	fullstream	Classroom_Others	0	0	0	0	0	0	0	0	0	0	0	0	0	0	0	0	0	0	0	0	1	1	0	0	0	0	0	0	0	0	0	0	0	0	0	0	0	1	0	0	0	0	0	0	0	0	0	0																					3586	0																2303											2898	242	100	640	12	534	200	Board_Screen	Board_Screen	0				0			4118	824	120	2798	5	534	200	4357	871	200	2798	5	494	240	3	494	734	386,75	374,67
Recording067	ProVisioNET_study_111_03	Female	Novice	Head_on_table_fix	1	fullstream	Disruptive_Person	0	0	0	0	0	0	0	0	0	0	0	0	0	0	0	0	0	0	0	0	1	1	0	0	0	0	0	0	0	0	0	0	0	0	0	0	0	1	0	0	0	0	0	0	0	0	0	0																					3586	0																2303											2733	342	80	600	8	0	494	Board_Screen	Board_Screen	0				0			3173	1586	494	2678	2	0	494	3253	1626	494	2758	2	0	494	4	734	494	374,67	386,75
Recording067	ProVisioNET_study_111_03	Female	Novice	Head_on_table_fix	1	fullstream	Material_Students	0	0	0	0	0	0	0	0	0	0	0	0	0	0	0	0	0	0	0	0	1	1	0	0	0	0	0	0	0	0	0	0	0	0	0	0	0	1	0	0	0	0	0	0	0	0	0	0																					3586	0																2303											1059	1059	1059	1059	1	8170	1059	Board_Screen	Board_Screen	0				0			1059	1059	1059	1059	1	8170	1059	1079	1079	1079	1079	1	8150	1079	0		9229		115,84
Recording067	ProVisioNET_study_111_03	Female	Novice	Head_on_table_fix	1	fullstream	Material_Teacher	0	0	0	0	0	0	0	0	0	0	0	0	0	0	0	0	0	0	0	0	1	1	0	0	0	0	0	0	0	0	0	0	0	0	0	0	0	1	0	0	0	0	0	0	0	0	0	0																					3586	0																2303											520	173	80	280	3	10109	280	Board_Screen	Board_Screen	0				0			560	560	560	560	1	10109	560	600	600	600	600	1	10069	600	2				
Recording067	ProVisioNET_study_111_03	Female	Novice	Head_on_table_fix	1	fullstream	Nametag_Anna	0	0	0	0	0	0	0	0	0	0	0	0	0	0	0	0	0	0	0	0	1	1	0	0	0	0	0	0	0	0	0	0	0	0	0	0	0	1	0	0	0	0	0	0	0	0	0	0																					3586	0																2303											380	380	380	380	1	11648	380	Board_Screen	Board_Screen	0				0			380	380	380	380	1	11648	380	400	400	400	400	1	11628	400	0	11628		211,46	
Recording067	ProVisioNET_study_111_03	Female	Novice	Heckling	1	fullstream	Anna	0	0	0	0	0	0	0	0	0	0	0	0	0	0	0	0	0	0	0	0	0	0	0	0	1	0	0	0	0	0	0	0	0	0	0	0	0	0	0	0	0	0	0	0	0	0	0	0																									0																								0				0			Carl(a),Disruptive_Person		0				0			0				0			0				0			0				
Recording067	ProVisioNET_study_111_03	Female	Novice	Heckling	1	fullstream	Bianca	0	0	0	0	0	0	0	0	0	0	0	0	0	0	0	0	0	0	0	0	0	0	0	0	1	0	0	0	0	0	0	0	0	0	0	0	0	0	0	0	0	0	0	0	0	0	0	0																									0																								0				0			Carl(a),Disruptive_Person		0				0			0				0			0				0			0				
Recording067	ProVisioNET_study_111_03	Female	Novice	Heckling	1	fullstream	Carl(a)	0	0	0	0	0	0	0	0	0	0	0	0	0	0	0	0	0	0	0	0	0	0	0	0	1	0	0	0	0	0	0	0	0	0	0	0	0	0	0	0	0	0	0	0	0	0	0	0																									0																								2259	452	180	1039	5	490	1039	Carl(a),Disruptive_Person		0				0			2456	614	180	1039	4	490	1039	2576	644	220	1079	4	450	1079	1	450	1529	455,5	169,39
Recording067	ProVisioNET_study_111_03	Female	Novice	Heckling	1	fullstream	Classroom_Others	0	0	0	0	0	0	0	0	0	0	0	0	0	0	0	0	0	0	0	0	0	0	0	0	1	0	0	0	0	0	0	0	0	0	0	0	0	0	0	0	0	0	0	0	0	0	0	0																									0																								400	200	160	240	2	2249	240	Carl(a),Disruptive_Person		0				0			400	200	160	240	2	2249	240	560	280	180	380	2	2109	380	0	2109		691,69	
Recording067	ProVisioNET_study_111_03	Female	Novice	Heckling	1	fullstream	Disruptive_Person	0	0	0	0	0	0	0	0	0	0	0	0	0	0	0	0	0	0	0	0	0	0	0	0	1	0	0	0	0	0	0	0	0	0	0	0	0	0	0	0	0	0	0	0	0	0	0	0																									0																								2638	377	160	1039	7	490	1039	Carl(a),Disruptive_Person		0				0			2915	972	360	1619	3	490	1619	2995	998	400	1659	3	450	1659	4	450	2109	455,5	691,69
Recording067	ProVisioNET_study_111_03	Female	Novice	Heckling	1	fullstream	Material_Students	0	0	0	0	0	0	0	0	0	0	0	0	0	0	0	0	0	0	0	0	0	0	0	0	1	0	0	0	0	0	0	0	0	0	0	0	0	0	0	0	0	0	0	0	0	0	0	0																									0																								220	220	220	220	1	1549	220	Carl(a),Disruptive_Person		0				0			220	220	220	220	1	1549	220	240	240	240	240	1	1529	240	0	1529	1769	169,39	145,05
Recording067	ProVisioNET_study_111_03	Female	Novice	Heckling	1	fullstream	Material_Teacher	0	0	0	0	0	0	0	0	0	0	0	0	0	0	0	0	0	0	0	0	0	0	0	0	1	0	0	0	0	0	0	0	0	0	0	0	0	0	0	0	0	0	0	0	0	0	0	0																									0																								430	215	170	260	2	0	170	Carl(a),Disruptive_Person		0				0			450	450	450	450	1	0	450	450	450	450	450	1	0	450	1		450		455,5
Recording067	ProVisioNET_study_111_03	Female	Novice	Heckling_fix	1	fullstream	Anna	0	0	0	0	0	0	0	0	0	0	0	0	0	0	0	0	0	0	0	0	0	0	0	1	1	0	0	0	0	0	0	0	0	0	0	0	0	0	1	0	0	0	0	0	0	0	0	0																								4285	0														6987										3058	306	100	1139	10	14262	380	Anna		0				0			3118	445	100	1299	7	14262	380	3418	488	140	1339	7	14162	480	3	16200	26974	422,45	334,12
Recording067	ProVisioNET_study_111_03	Female	Novice	Heckling_fix	1	fullstream	Bianca	0	0	0	0	0	0	0	0	0	0	0	0	0	0	0	0	0	0	0	0	0	0	0	1	1	0	0	0	0	0	0	0	0	0	0	0	0	0	1	0	0	0	0	0	0	0	0	0																								4285	0														6987										1119	280	180	420	4	10244	180	Anna		0				0			1119	280	180	420	4	10244	180	1399	350	280	460	4	10144	280	0	15741	16200	577,81	422,45
Recording067	ProVisioNET_study_111_03	Female	Novice	Heckling_fix	1	fullstream	Board_Screen	0	0	0	0	0	0	0	0	0	0	0	0	0	0	0	0	0	0	0	0	0	0	0	1	1	0	0	0	0	0	0	0	0	0	0	0	0	0	1	0	0	0	0	0	0	0	0	0																								4285	0														6987										4098	341	80	939	12	12223	500	Anna		0				0			4557	1519	140	3338	3	12223	1079	4765	1191	108	3378	4	12223	1079	7				
Recording067	ProVisioNET_study_111_03	Female	Novice	Heckling_fix	1	fullstream	Carl(a)	0	0	0	0	0	0	0	0	0	0	0	0	0	0	0	0	0	0	0	0	0	0	0	1	1	0	0	0	0	0	0	0	0	0	0	0	0	0	1	0	0	0	0	0	0	0	0	0																								4285	0														6987										4997	500	80	1279	10	490	1039	Anna		0				0			5757	959	180	2239	6	490	1039	5917	986	220	2239	6	450	1079	2	450	1529	455,5	169,39
Recording067	ProVisioNET_study_111_03	Female	Novice	Heckling_fix	1	fullstream	Classroom_Others	0	0	0	0	0	0	0	0	0	0	0	0	0	0	0	0	0	0	0	0	0	0	0	1	1	0	0	0	0	0	0	0	0	0	0	0	0	0	1	0	0	0	0	0	0	0	0	0																								4285	0														6987										1779	198	80	440	9	2249	240	Anna		0				0			2119	353	160	740	6	2249	240	2459	410	180	760	6	2109	380	1	2109		691,69	
Recording067	ProVisioNET_study_111_03	Female	Novice	Heckling_fix	1	fullstream	Disruptive_Person	0	0	0	0	0	0	0	0	0	0	0	0	0	0	0	0	0	0	0	0	0	0	0	1	1	0	0	0	0	0	0	0	0	0	0	0	0	0	1	0	0	0	0	0	0	0	0	0																								4285	0														6987										3238	405	160	1039	8	490	1039	Anna		0				0			3778	1259	360	1799	3	490	1619	3858	1286	400	1799	3	450	1659	4	450	2109	455,5	691,69
Recording067	ProVisioNET_study_111_03	Female	Novice	Heckling_fix	1	fullstream	Material_Students	0	0	0	0	0	0	0	0	0	0	0	0	0	0	0	0	0	0	0	0	0	0	0	1	1	0	0	0	0	0	0	0	0	0	0	0	0	0	1	0	0	0	0	0	0	0	0	0																								4285	0														6987										220	220	220	220	1	1549	220	Anna		0				0			220	220	220	220	1	1549	220	240	240	240	240	1	1529	240	0	1529	1769	169,39	145,05
Recording067	ProVisioNET_study_111_03	Female	Novice	Heckling_fix	1	fullstream	Material_Teacher	0	0	0	0	0	0	0	0	0	0	0	0	0	0	0	0	0	0	0	0	0	0	0	1	1	0	0	0	0	0	0	0	0	0	0	0	0	0	1	0	0	0	0	0	0	0	0	0																								4285	0														6987										1989	221	80	360	9	0	170	Anna		0				0			2209	368	80	600	6	0	450	2269	378	100	600	6	0	450	2	21797	450	111,59	455,5
Recording067	ProVisioNET_study_111_03	Female	Novice	Heckling_fix	1	fullstream	Nametag_Anna	0	0	0	0	0	0	0	0	0	0	0	0	0	0	0	0	0	0	0	0	0	0	0	1	1	0	0	0	0	0	0	0	0	0	0	0	0	0	1	0	0	0	0	0	0	0	0	0																								4285	0														6987										460	460	460	460	1	27014	460	Anna		0				0			460	460	460	460	1	27014	460	500	500	500	500	1	26974	500	0	26974	27474	334,12	374,93
Recording067	ProVisioNET_study_111_03	Female	Novice	Lesson	1	fullstream	Anna	0	1	0	0	0	0	0	1	1	1	1	1	1	1	1	1	1	1	1	1	1	1	1	1	1	0	1	0	0	0	1	1	1	1	1	1	1	1	1	0	1	1	1	1	1	1	1	1		15178						951539	924680	921538	682087	667689	652087	771543	754895	741542	501927	476096	471927	320644	294229	290644	411835	386119	381834		0				862601	862718	832600	923544	664422	751964	474791	292946	388821		202124	572165	231248	202895	201248	598363	573924	568363	115492	500	80	3978	231	15900	220	Classroom_Others		0				0			139417	968	80	9215	144	15900	460	146453	1017	100	9274	144	15860	500	43	15860	20957	447,45	186,07
Recording067	ProVisioNET_study_111_03	Female	Novice	Lesson	1	fullstream	Bianca	0	1	0	0	0	0	0	1	1	1	1	1	1	1	1	1	1	1	1	1	1	1	1	1	1	0	1	0	0	0	1	1	1	1	1	1	1	1	1	0	1	1	1	1	1	1	1	1		15178						951539	924680	921538	682087	667689	652087	771543	754895	741542	501927	476096	471927	320644	294229	290644	411835	386119	381834		0				862601	862718	832600	923544	664422	751964	474791	292946	388821		202124	572165	231248	202895	201248	598363	573924	568363	145214	530	60	4617	274	27793	180	Classroom_Others		0				0			161384	863	80	5117	187	27793	180	171138	915	120	5177	187	27773	200	41	64771	27973	262,45	199,21
Recording067	ProVisioNET_study_111_03	Female	Novice	Lesson	1	fullstream	Board_Screen	0	1	0	0	0	0	0	1	1	1	1	1	1	1	1	1	1	1	1	1	1	1	1	1	1	0	1	0	0	0	1	1	1	1	1	1	1	1	1	0	1	1	1	1	1	1	1	1		15178						951539	924680	921538	682087	667689	652087	771543	754895	741542	501927	476096	471927	320644	294229	290644	411835	386119	381834		0				862601	862718	832600	923544	664422	751964	474791	292946	388821		202124	572165	231248	202895	201248	598363	573924	568363	184310	614	80	6996	300	14420	100	Classroom_Others		0				0			198822	2093	80	12393	95	14420	899	202839	2135	100	12433	95	14420	899	146	423740	422200	219,74	122,83
Recording067	ProVisioNET_study_111_03	Female	Novice	Lesson	1	fullstream	Carl(a)	0	1	0	0	0	0	0	1	1	1	1	1	1	1	1	1	1	1	1	1	1	1	1	1	1	0	1	0	0	0	1	1	1	1	1	1	1	1	1	0	1	1	1	1	1	1	1	1		15178						951539	924680	921538	682087	667689	652087	771543	754895	741542	501927	476096	471927	320644	294229	290644	411835	386119	381834		0				862601	862718	832600	923544	664422	751964	474791	292946	388821		202124	572165	231248	202895	201248	598363	573924	568363	87408	453	80	3378	193	18978	140	Classroom_Others		899	899	899	899	1	568833	899	102619	892	80	6196	115	18978	400	107676	936	100	6196	115	18878	500	31	74865	75125	371,96	515,29
Recording067	ProVisioNET_study_111_03	Female	Novice	Lesson	1	fullstream	Classroom_Others	0	1	0	0	0	0	0	1	1	1	1	1	1	1	1	1	1	1	1	1	1	1	1	1	1	0	1	0	0	0	1	1	1	1	1	1	1	1	1	0	1	1	1	1	1	1	1	1		15178						951539	924680	921538	682087	667689	652087	771543	754895	741542	501927	476096	471927	320644	294229	290644	411835	386119	381834		0				862601	862718	832600	923544	664422	751964	474791	292946	388821		202124	572165	231248	202895	201248	598363	573924	568363	61603	254	80	2818	243	149	140	Classroom_Others		0				0			89879	545	80	13352	165	149	13352	96555	585	80	13352	165	149	13352	29	21956	15860	100,96	447,45
Recording067	ProVisioNET_study_111_03	Female	Novice	Lesson	1	fullstream	Disruptive_Person	0	1	0	0	0	0	0	1	1	1	1	1	1	1	1	1	1	1	1	1	1	1	1	1	1	0	1	0	0	0	1	1	1	1	1	1	1	1	1	0	1	1	1	1	1	1	1	1		15178						951539	924680	921538	682087	667689	652087	771543	754895	741542	501927	476096	471927	320644	294229	290644	411835	386119	381834		0				862601	862718	832600	923544	664422	751964	474791	292946	388821		202124	572165	231248	202895	201248	598363	573924	568363	23326	542	80	2199	43	202110	580	Classroom_Others		899	899	899	899	1	568833	899	25985	1181	220	3818	22	202110	580	26824	1219	300	3878	22	202110	580	11	291378	291138	374,67	386,75
Recording067	ProVisioNET_study_111_03	Female	Novice	Lesson	1	fullstream	Material_Students	0	1	0	0	0	0	0	1	1	1	1	1	1	1	1	1	1	1	1	1	1	1	1	1	1	0	1	0	0	0	1	1	1	1	1	1	1	1	1	0	1	1	1	1	1	1	1	1		15178						951539	924680	921538	682087	667689	652087	771543	754895	741542	501927	476096	471927	320644	294229	290644	411835	386119	381834		0				862601	862718	832600	923544	664422	751964	474791	292946	388821		202124	572165	231248	202895	201248	598363	573924	568363	45573	543	80	2399	84	20977	979	Classroom_Others		0				0			50390	2016	100	15031	25	20977	979	51190	2048	160	15051	25	20957	999	42	20957	21956	186,07	100,96
Recording067	ProVisioNET_study_111_03	Female	Novice	Lesson	1	fullstream	Material_Teacher	0	1	0	0	0	0	0	1	1	1	1	1	1	1	1	1	1	1	1	1	1	1	1	1	1	0	1	0	0	0	1	1	1	1	1	1	1	1	1	0	1	1	1	1	1	1	1	1		15178						951539	924680	921538	682087	667689	652087	771543	754895	741542	501927	476096	471927	320644	294229	290644	411835	386119	381834		0				862601	862718	832600	923544	664422	751964	474791	292946	388821		202124	572165	231248	202895	201248	598363	573924	568363	110674	490	80	2758	226	16979	340	Classroom_Others		0				0			121787	1997	80	17250	61	16979	340	124086	2034	100	17270	61	16959	360	124	176565	382284	500,44	455,5
Recording067	ProVisioNET_study_111_03	Female	Novice	Lesson	1	fullstream	Nametag_Anna	0	1	0	0	0	0	0	1	1	1	1	1	1	1	1	1	1	1	1	1	1	1	1	1	1	0	1	0	0	0	1	1	1	1	1	1	1	1	1	0	1	1	1	1	1	1	1	1		15178						951539	924680	921538	682087	667689	652087	771543	754895	741542	501927	476096	471927	320644	294229	290644	411835	386119	381834		0				862601	862718	832600	923544	664422	751964	474791	292946	388821		202124	572165	231248	202895	201248	598363	573924	568363	3978	306	160	460	13	100770	160	Classroom_Others		0				0			3978	306	160	460	13	100770	160	4537	349	180	500	13	100750	180	0	302271	360417	211,46	351,27
Recording067	ProVisioNET_study_111_03	Female	Novice	Lesson	1	fullstream	Nametag_Bianca	0	1	0	0	0	0	0	1	1	1	1	1	1	1	1	1	1	1	1	1	1	1	1	1	1	0	1	0	0	0	1	1	1	1	1	1	1	1	1	0	1	1	1	1	1	1	1	1		15178						951539	924680	921538	682087	667689	652087	771543	754895	741542	501927	476096	471927	320644	294229	290644	411835	386119	381834		0				862601	862718	832600	923544	664422	751964	474791	292946	388821		202124	572165	231248	202895	201248	598363	573924	568363	3038	304	80	600	10	148262	600	Classroom_Others		0				0			3238	405	80	660	8	148262	600	3498	437	80	700	8	148222	640	1	148222	337670	290,65	531,22
Recording067	ProVisioNET_study_111_03	Female	Novice	Lesson	1	fullstream	Nametag_Carl(a)	0	1	0	0	0	0	0	1	1	1	1	1	1	1	1	1	1	1	1	1	1	1	1	1	1	0	1	0	0	0	1	1	1	1	1	1	1	1	1	0	1	1	1	1	1	1	1	1		15178						951539	924680	921538	682087	667689	652087	771543	754895	741542	501927	476096	471927	320644	294229	290644	411835	386119	381834		0				862601	862718	832600	923544	664422	751964	474791	292946	388821		202124	572165	231248	202895	201248	598363	573924	568363	3078	220	80	400	14	120158	340	Classroom_Others		0				0			3078	220	80	400	14	120158	340	3658	261	80	440	14	120119	380	0	120119	355660	378,91	298,7
Recording067	ProVisioNET_study_111_03	Female	Novice	Looking_at_phone	1	fullstream	Anna	0	0	0	0	0	0	0	0	0	0	0	0	0	0	0	0	0	0	0	0	0	0	0	0	0	0	0	0	0	0	1	0	1	0	0	0	0	0	0	0	0	0	0	0	0	0	0	0																															30000		0																220	220	220	220	1	14008	220	Board_Screen	Board_Screen	0				0			220	220	220	220	1	14008	220	300	300	300	300	1	13928	300	0		14227		367,85
Recording067	ProVisioNET_study_111_03	Female	Novice	Looking_at_phone	1	fullstream	Bianca	0	0	0	0	0	0	0	0	0	0	0	0	0	0	0	0	0	0	0	0	0	0	0	0	0	0	0	0	0	0	1	0	1	0	0	0	0	0	0	0	0	0	0	0	0	0	0	0																															30000		0																6816	487	80	2099	14	76	1679	Board_Screen	Board_Screen	0				0			8211	1026	140	3458	8	0	3214	8471	1059	140	3498	8	0	3214	2	6132	6452	440,82	145,59
Recording067	ProVisioNET_study_111_03	Female	Novice	Looking_at_phone	1	fullstream	Board_Screen	0	0	0	0	0	0	0	0	0	0	0	0	0	0	0	0	0	0	0	0	0	0	0	0	0	0	0	0	0	0	1	0	1	0	0	0	0	0	0	0	0	0	0	0	0	0	0	0																															30000		0																8515	568	80	3378	15	7571	540	Board_Screen	Board_Screen	0				0			9134	2284	80	5377	4	7571	5377	9234	2309	100	5437	4	7511	5437	7				
Recording067	ProVisioNET_study_111_03	Female	Novice	Looking_at_phone	1	fullstream	Carl(a)	0	0	0	0	0	0	0	0	0	0	0	0	0	0	0	0	0	0	0	0	0	0	0	0	0	0	0	0	0	0	1	0	1	0	0	0	0	0	0	0	0	0	0	0	0	0	0	0																															30000		0																1839	306	80	560	6	18785	360	Board_Screen	Board_Screen	0				0			2758	690	120	1159	4	18785	360	3018	755	200	1239	4	18705	440	0	24681	24161	112,77	375,17
Recording067	ProVisioNET_study_111_03	Female	Novice	Looking_at_phone	1	fullstream	Classroom_Others	0	0	0	0	0	0	0	0	0	0	0	0	0	0	0	0	0	0	0	0	0	0	0	0	0	0	0	0	0	0	1	0	1	0	0	0	0	0	0	0	0	0	0	0	0	0	0	0																															30000		0																2379	216	80	480	11	3414	220	Board_Screen	Board_Screen	0				0			3078	440	100	760	7	3414	560	3218	460	100	760	7	3414	560	1	6672	5712	158,15	307,33
Recording067	ProVisioNET_study_111_03	Female	Novice	Looking_at_phone	1	fullstream	Disruptive_Person	0	0	0	0	0	0	0	0	0	0	0	0	0	0	0	0	0	0	0	0	0	0	0	0	0	0	0	0	0	0	1	0	1	0	0	0	0	0	0	0	0	0	0	0	0	0	0	0																															30000		0																220	220	220	220	1	14008	220	Board_Screen	Board_Screen	0				0			220	220	220	220	1	14008	220	300	300	300	300	1	13928	300	0		14227		367,85
Recording067	ProVisioNET_study_111_03	Female	Novice	Looking_at_phone	1	fullstream	Material_Teacher	0	0	0	0	0	0	0	0	0	0	0	0	0	0	0	0	0	0	0	0	0	0	0	0	0	0	0	0	0	0	1	0	1	0	0	0	0	0	0	0	0	0	0	0	0	0	0	0																															30000		0																280	93	80	120	3	16966	80	Board_Screen	Board_Screen	0				0			320	320	320	320	1	16966	320	380	380	380	380	1	16906	380	2				
Recording067	ProVisioNET_study_111_03	Female	Novice	Looking_at_phone	1	fullstream	Nametag_Carl(a)	0	0	0	0	0	0	0	0	0	0	0	0	0	0	0	0	0	0	0	0	0	0	0	0	0	0	0	0	0	0	1	0	1	0	0	0	0	0	0	0	0	0	0	0	0	0	0	0																															30000		0																200	200	200	200	1	24221	200	Board_Screen	Board_Screen	0				0			200	200	200	200	1	24221	200	260	260	260	260	1	24161	260	0	24161		375,17	
Recording067	ProVisioNET_study_111_03	Female	Novice	Looking_at_phone_fix	1	fullstream	Anna	0	0	0	0	0	0	0	0	0	0	0	0	0	0	0	0	0	0	0	0	0	0	0	0	0	0	0	0	0	0	0	0	1	0	0	0	0	0	0	0	0	0	0	0	0	0	0	0																																	0																220	220	220	220	1	14008	220	Board_Screen	Board_Screen	0				0			220	220	220	220	1	14008	220	300	300	300	300	1	13928	300	0		14227		367,85
Recording067	ProVisioNET_study_111_03	Female	Novice	Looking_at_phone_fix	1	fullstream	Bianca	0	0	0	0	0	0	0	0	0	0	0	0	0	0	0	0	0	0	0	0	0	0	0	0	0	0	0	0	0	0	0	0	1	0	0	0	0	0	0	0	0	0	0	0	0	0	0	0																																	0																6816	487	80	2099	14	76	1679	Board_Screen	Board_Screen	0				0			8211	1026	140	3458	8	0	3214	8471	1059	140	3498	8	0	3214	2	6132	6452	440,82	145,59
Recording067	ProVisioNET_study_111_03	Female	Novice	Looking_at_phone_fix	1	fullstream	Board_Screen	0	0	0	0	0	0	0	0	0	0	0	0	0	0	0	0	0	0	0	0	0	0	0	0	0	0	0	0	0	0	0	0	1	0	0	0	0	0	0	0	0	0	0	0	0	0	0	0																																	0																8397	560	80	3378	15	7571	540	Board_Screen	Board_Screen	0				0			9017	2254	80	5377	4	7571	5377	9117	2279	100	5437	4	7511	5437	7				
Recording067	ProVisioNET_study_111_03	Female	Novice	Looking_at_phone_fix	1	fullstream	Carl(a)	0	0	0	0	0	0	0	0	0	0	0	0	0	0	0	0	0	0	0	0	0	0	0	0	0	0	0	0	0	0	0	0	1	0	0	0	0	0	0	0	0	0	0	0	0	0	0	0																																	0																1839	306	80	560	6	18785	360	Board_Screen	Board_Screen	0				0			2758	690	120	1159	4	18785	360	3018	755	200	1239	4	18705	440	0	24681	24161	112,77	375,17
Recording067	ProVisioNET_study_111_03	Female	Novice	Looking_at_phone_fix	1	fullstream	Classroom_Others	0	0	0	0	0	0	0	0	0	0	0	0	0	0	0	0	0	0	0	0	0	0	0	0	0	0	0	0	0	0	0	0	1	0	0	0	0	0	0	0	0	0	0	0	0	0	0	0																																	0																2379	216	80	480	11	3414	220	Board_Screen	Board_Screen	0				0			3078	440	100	760	7	3414	560	3218	460	100	760	7	3414	560	1	6672	5712	158,15	307,33
Recording067	ProVisioNET_study_111_03	Female	Novice	Looking_at_phone_fix	1	fullstream	Disruptive_Person	0	0	0	0	0	0	0	0	0	0	0	0	0	0	0	0	0	0	0	0	0	0	0	0	0	0	0	0	0	0	0	0	1	0	0	0	0	0	0	0	0	0	0	0	0	0	0	0																																	0																220	220	220	220	1	14008	220	Board_Screen	Board_Screen	0				0			220	220	220	220	1	14008	220	300	300	300	300	1	13928	300	0		14227		367,85
Recording067	ProVisioNET_study_111_03	Female	Novice	Looking_at_phone_fix	1	fullstream	Material_Teacher	0	0	0	0	0	0	0	0	0	0	0	0	0	0	0	0	0	0	0	0	0	0	0	0	0	0	0	0	0	0	0	0	1	0	0	0	0	0	0	0	0	0	0	0	0	0	0	0																																	0																280	93	80	120	3	16966	80	Board_Screen	Board_Screen	0				0			320	320	320	320	1	16966	320	380	380	380	380	1	16906	380	2				
Recording067	ProVisioNET_study_111_03	Female	Novice	Looking_at_phone_fix	1	fullstream	Nametag_Carl(a)	0	0	0	0	0	0	0	0	0	0	0	0	0	0	0	0	0	0	0	0	0	0	0	0	0	0	0	0	0	0	0	0	1	0	0	0	0	0	0	0	0	0	0	0	0	0	0	0																																	0																200	200	200	200	1	24221	200	Board_Screen	Board_Screen	0				0			200	200	200	200	1	24221	200	260	260	260	260	1	24161	260	0	24161		375,17	
Recording067	ProVisioNET_study_111_03	Female	Novice	Snipping_with_fingers	1	fullstream	Anna	0	0	0	0	0	0	0	0	0	0	0	0	0	0	0	0	0	0	0	0	0	0	0	0	0	0	0	0	0	0	0	0	0	0	0	0	0	0	0	0	1	0	0	0	1	0	0	0																																									876				0				822	411	243	580	2	0	243	Anna,Disruptive_Person		0				0			1442	1442	1442	1442	1	0	1442	1442	1442	1442	1442	1	0	1442	0				
Recording067	ProVisioNET_study_111_03	Female	Novice	Snipping_with_fingers	1	fullstream	Bianca	0	0	0	0	0	0	0	0	0	0	0	0	0	0	0	0	0	0	0	0	0	0	0	0	0	0	0	0	0	0	0	0	0	0	0	0	0	0	0	0	1	0	0	0	1	0	0	0																																									876				0				0				0			Anna,Disruptive_Person		0				0			0				0			0				0			0				
Recording067	ProVisioNET_study_111_03	Female	Novice	Snipping_with_fingers	1	fullstream	Carl(a)	0	0	0	0	0	0	0	0	0	0	0	0	0	0	0	0	0	0	0	0	0	0	0	0	0	0	0	0	0	0	0	0	0	0	0	0	0	0	0	0	1	0	0	0	1	0	0	0																																									876				0				0				0			Anna,Disruptive_Person		0				0			0				0			0				0			0				
Recording067	ProVisioNET_study_111_03	Female	Novice	Snipping_with_fingers	1	fullstream	Disruptive_Person	0	0	0	0	0	0	0	0	0	0	0	0	0	0	0	0	0	0	0	0	0	0	0	0	0	0	0	0	0	0	0	0	0	0	0	0	0	0	0	0	1	0	0	0	1	0	0	0																																									876				0				580	580	580	580	1	862	580	Anna,Disruptive_Person		0				0			580	580	580	580	1	862	580	580	580	580	580	1	862	580	0				
Recording067	ProVisioNET_study_111_03	Female	Novice	Snpping_with_fingers_fix	1	fullstream	Anna	0	0	0	0	0	0	0	0	0	0	0	0	0	0	0	0	0	0	0	0	0	0	0	0	0	0	0	0	0	0	0	0	0	0	0	0	0	0	0	0	1	0	0	1	1	0	0	0																																									876			1648	0				4480	560	80	1759	8	0	243	Board_Screen	Board_Screen	0				0			9038	3013	1442	6116	3	0	1442	9118	3039	1442	6116	3	0	1442	0	21071		499,04	
Recording067	ProVisioNET_study_111_03	Female	Novice	Snpping_with_fingers_fix	1	fullstream	Bianca	0	0	0	0	0	0	0	0	0	0	0	0	0	0	0	0	0	0	0	0	0	0	0	0	0	0	0	0	0	0	0	0	0	0	0	0	0	0	0	0	1	0	0	1	1	0	0	0																																									876			1648	0				2698	270	80	600	10	19611	100	Board_Screen	Board_Screen	0				0			3358	840	420	1459	4	19611	1459	3578	894	500	1499	4	19571	1499	4	26687	21071	556,8	499,04
Recording067	ProVisioNET_study_111_03	Female	Novice	Snpping_with_fingers_fix	1	fullstream	Board_Screen	0	0	0	0	0	0	0	0	0	0	0	0	0	0	0	0	0	0	0	0	0	0	0	0	0	0	0	0	0	0	0	0	0	0	0	0	0	0	0	0	1	0	0	1	1	0	0	0																																									876			1648	0				854	285	80	640	3	28606	640	Board_Screen	Board_Screen	0				0			1394	1394	1394	1394	1	28606	1394	1414	1414	1414	1414	1	28586	1414	0				
Recording067	ProVisioNET_study_111_03	Female	Novice	Snpping_with_fingers_fix	1	fullstream	Carl(a)	0	0	0	0	0	0	0	0	0	0	0	0	0	0	0	0	0	0	0	0	0	0	0	0	0	0	0	0	0	0	0	0	0	0	0	0	0	0	0	0	1	0	0	1	1	0	0	0																																									876			1648	0				640	320	260	380	2	18252	260	Board_Screen	Board_Screen	0				0			660	660	660	660	1	18252	660	680	680	680	680	1	18232	680	1				
Recording067	ProVisioNET_study_111_03	Female	Novice	Snpping_with_fingers_fix	1	fullstream	Classroom_Others	0	0	0	0	0	0	0	0	0	0	0	0	0	0	0	0	0	0	0	0	0	0	0	0	0	0	0	0	0	0	0	0	0	0	0	0	0	0	0	0	1	0	0	1	1	0	0	0																																									876			1648	0				1459	730	220	1239	2	24648	1239	Board_Screen	Board_Screen	0				0			1679	1679	1679	1679	1	24648	1679	1679	1679	1679	1679	1	24648	1679	0		26327		393,82
Recording067	ProVisioNET_study_111_03	Female	Novice	Snpping_with_fingers_fix	1	fullstream	Disruptive_Person	0	0	0	0	0	0	0	0	0	0	0	0	0	0	0	0	0	0	0	0	0	0	0	0	0	0	0	0	0	0	0	0	0	0	0	0	0	0	0	0	1	0	0	1	1	0	0	0																																									876			1648	0				580	580	580	580	1	862	580	Board_Screen	Board_Screen	0				0			580	580	580	580	1	862	580	580	580	580	580	1	862	580	0				
Recording067	ProVisioNET_study_111_03	Female	Novice	Snpping_with_fingers_fix	1	fullstream	Material_Students	0	0	0	0	0	0	0	0	0	0	0	0	0	0	0	0	0	0	0	0	0	0	0	0	0	0	0	0	0	0	0	0	0	0	0	0	0	0	0	0	1	0	0	1	1	0	0	0																																									876			1648	0				899	300	280	320	3	23909	280	Board_Screen	Board_Screen	0				0			899	300	280	320	3	23909	280	979	326	300	360	3	23889	300	0	23889	26687	226,94	556,8
Recording067	ProVisioNET_study_111_03	Female	Novice	Snpping_with_fingers_fix	1	fullstream	Material_Teacher	0	0	0	0	0	0	0	0	0	0	0	0	0	0	0	0	0	0	0	0	0	0	0	0	0	0	0	0	0	0	0	0	0	0	0	0	0	0	0	0	1	0	0	1	1	0	0	0																																									876			1648	0				1019	340	320	360	3	7918	320	Board_Screen	Board_Screen	0				0			1159	1159	1159	1159	1	7918	1159	1239	1239	1239	1239	1	7838	1239	1				
Recording067	ProVisioNET_study_111_03	Female	Novice	Whispering	1	fullstream	Anna	0	0	0	0	0	0	0	0	0	0	0	0	0	0	0	0	0	0	0	0	0	0	0	0	0	0	0	0	0	0	0	0	0	0	0	0	0	0	0	0	0	1	0	0	0	0	0	1																																										3802						0	0				0			Carl(a),Disruptive_Person	Carl(a),Disruptive_Person	0				0			0				0			0				0			0				
Recording067	ProVisioNET_study_111_03	Female	Novice	Whispering	1	fullstream	Bianca	0	0	0	0	0	0	0	0	0	0	0	0	0	0	0	0	0	0	0	0	0	0	0	0	0	0	0	0	0	0	0	0	0	0	0	0	0	0	0	0	0	1	0	0	0	0	0	1																																										3802						0	520	260	120	400	2	2710	400	Carl(a),Disruptive_Person	Carl(a),Disruptive_Person	0				0			520	260	120	400	2	2710	400	660	330	200	460	2	2650	460	0	4988	3109	413,76	311,09
Recording067	ProVisioNET_study_111_03	Female	Novice	Whispering	1	fullstream	Carl(a)	0	0	0	0	0	0	0	0	0	0	0	0	0	0	0	0	0	0	0	0	0	0	0	0	0	0	0	0	0	0	0	0	0	0	0	0	0	0	0	0	0	1	0	0	0	0	0	1																																										3802						0	3112	389	80	899	8	471	899	Carl(a),Disruptive_Person	Carl(a),Disruptive_Person	899	899	899	899	1	471	899	3871	774	273	999	5	471	899	3971	794	333	999	5	471	899	0	1390	4988	229,5	413,76
Recording067	ProVisioNET_study_111_03	Female	Novice	Whispering	1	fullstream	Disruptive_Person	0	0	0	0	0	0	0	0	0	0	0	0	0	0	0	0	0	0	0	0	0	0	0	0	0	0	0	0	0	0	0	0	0	0	0	0	0	0	0	0	0	1	0	0	0	0	0	1																																										3802						0	3112	389	80	899	8	471	899	Carl(a),Disruptive_Person	Carl(a),Disruptive_Person	899	899	899	899	1	471	899	3871	774	273	999	5	471	899	3971	794	333	999	5	471	899	0	1390	4988	229,5	413,76
Recording067	ProVisioNET_study_111_03	Female	Novice	Whispering	1	fullstream	Nametag_Carl(a)	0	0	0	0	0	0	0	0	0	0	0	0	0	0	0	0	0	0	0	0	0	0	0	0	0	0	0	0	0	0	0	0	0	0	0	0	0	0	0	0	0	1	0	0	0	0	0	1																																										3802						0	391	391	391	391	1	0	391	Carl(a),Disruptive_Person	Carl(a),Disruptive_Person	0				0			391	391	391	391	1	0	391	391	391	391	391	1	0	391	0		391		476,4
Recording067	ProVisioNET_study_111_03	Female	Novice	Whispering_fix	1	fullstream	Anna	0	0	0	0	0	0	0	0	0	0	0	0	0	0	0	0	0	0	0	0	0	0	0	0	0	0	0	0	0	0	0	0	0	0	0	0	0	0	0	0	0	1	0	0	0	0	1	1																																										3802					5561	0	11393	814	80	2159	14	9006	140	Bianca	Bianca	0				0			15651	3913	100	9215	4	9006	140	15891	3973	160	9274	4	8986	160	1	16441	9146	399,21	335,04
Recording067	ProVisioNET_study_111_03	Female	Novice	Whispering_fix	1	fullstream	Bianca	0	0	0	0	0	0	0	0	0	0	0	0	0	0	0	0	0	0	0	0	0	0	0	0	0	0	0	0	0	0	0	0	0	0	0	0	0	0	0	0	0	1	0	0	0	0	1	1																																										3802					5561	0	2565	321	120	939	8	2710	400	Bianca	Bianca	0				0			2845	474	120	1279	6	2710	400	3145	524	200	1319	6	2650	460	0	4988	3109	413,76	311,09
Recording067	ProVisioNET_study_111_03	Female	Novice	Whispering_fix	1	fullstream	Board_Screen	0	0	0	0	0	0	0	0	0	0	0	0	0	0	0	0	0	0	0	0	0	0	0	0	0	0	0	0	0	0	0	0	0	0	0	0	0	0	0	0	0	1	0	0	0	0	1	1																																										3802					5561	0	820	410	100	720	2	6727	720	Bianca	Bianca	0				0			839	839	839	839	1	6727	839	899	899	899	899	1	6667	899	1				
Recording067	ProVisioNET_study_111_03	Female	Novice	Whispering_fix	1	fullstream	Carl(a)	0	0	0	0	0	0	0	0	0	0	0	0	0	0	0	0	0	0	0	0	0	0	0	0	0	0	0	0	0	0	0	0	0	0	0	0	0	0	0	0	0	1	0	0	0	0	1	1																																										3802					5561	0	3718	372	80	899	10	471	899	Bianca	Bianca	899	899	899	899	1	471	899	4497	750	420	999	6	471	899	4657	776	480	999	6	471	899	1	1390	4988	229,5	413,76
Recording067	ProVisioNET_study_111_03	Female	Novice	Whispering_fix	1	fullstream	Classroom_Others	0	0	0	0	0	0	0	0	0	0	0	0	0	0	0	0	0	0	0	0	0	0	0	0	0	0	0	0	0	0	0	0	0	0	0	0	0	0	0	0	0	1	0	0	0	0	1	1																																										3802					5561	0	820	410	280	540	2	7866	280	Bianca	Bianca	0				0			820	410	280	540	2	7866	280	879	440	300	580	2	7846	300	0	26855	8146	387,3	583,63
Recording067	ProVisioNET_study_111_03	Female	Novice	Whispering_fix	1	fullstream	Disruptive_Person	0	0	0	0	0	0	0	0	0	0	0	0	0	0	0	0	0	0	0	0	0	0	0	0	0	0	0	0	0	0	0	0	0	0	0	0	0	0	0	0	0	1	0	0	0	0	1	1																																										3802					5561	0	3258	407	80	899	8	471	899	Bianca	Bianca	899	899	899	899	1	471	899	4018	804	420	999	5	471	899	4118	824	480	999	5	471	899	0	1390	4988	229,5	413,76
Recording067	ProVisioNET_study_111_03	Female	Novice	Whispering_fix	1	fullstream	Material_Students	0	0	0	0	0	0	0	0	0	0	0	0	0	0	0	0	0	0	0	0	0	0	0	0	0	0	0	0	0	0	0	0	0	0	0	0	0	0	0	0	0	1	0	0	0	0	1	1																																										3802					5561	0	200	200	200	200	1	8206	200	Bianca	Bianca	0				0			200	200	200	200	1	8206	200	260	260	260	260	1	8146	260	0	8146		583,63	
Recording067	ProVisioNET_study_111_03	Female	Novice	Whispering_fix	1	fullstream	Nametag_Anna	0	0	0	0	0	0	0	0	0	0	0	0	0	0	0	0	0	0	0	0	0	0	0	0	0	0	0	0	0	0	0	0	0	0	0	0	0	0	0	0	0	1	0	0	0	0	1	1																																										3802					5561	0	300	300	300	300	1	9206	300	Bianca	Bianca	0				0			300	300	300	300	1	9206	300	360	360	360	360	1	9146	360	0	9146		335,04	
Recording067	ProVisioNET_study_111_03	Female	Novice	Whispering_fix	1	fullstream	Nametag_Carl(a)	0	0	0	0	0	0	0	0	0	0	0	0	0	0	0	0	0	0	0	0	0	0	0	0	0	0	0	0	0	0	0	0	0	0	0	0	0	0	0	0	0	1	0	0	0	0	1	1																																										3802					5561	0	611	305	220	391	2	0	391	Bianca	Bianca	0				0			611	305	220	391	2	0	391	631	315	240	391	2	0	391	0		391		476,4
Recording067	ProVisioNET_study_111_03	Female	Novice	snapshop_A_nametag	1	snapshop_A_nametag	Nametag_Anna	0	0	0	0	0	0	0	0	0	0	0	0	0	0	0	0	0	0	0	0	0	0	0	0	0	0	0	0	0	0	0	0	0	0	0	0	0	0	0	0	0	0	0	0	0	0	0	0																																																	160	160	160	160	1	0	160	Nametag_Anna	Nametag_Anna	0				0			160	160	160	160	1	0	160	160	160	160	160	1	0	160	0				
Recording067	ProVisioNET_study_111_03	Female	Novice	snapshop_A_nametag	2	snapshop_A_nametag	Nametag_Anna	0	0	0	0	0	0	0	0	0	0	0	0	0	0	0	0	0	0	0	0	0	0	0	0	0	0	0	0	0	0	0	0	0	0	0	0	0	0	0	0	0	0	0	0	0	0	0	0																																																	380	380	380	380	1	0	380	Nametag_Anna	Nametag_Anna	0				0			380	380	380	380	1	0	380	380	380	380	380	1	0	380	0				
Recording067	ProVisioNET_study_111_03	Female	Novice	snapshop_A_nametag	3	snapshop_A_nametag	Nametag_Anna	0	0	0	0	0	0	0	0	0	0	0	0	0	0	0	0	0	0	0	0	0	0	0	0	0	0	0	0	0	0	0	0	0	0	0	0	0	0	0	0	0	0	0	0	0	0	0	0																																																	280	280	280	280	1	0	280	Nametag_Anna	Nametag_Anna	0				0			280	280	280	280	1	0	280	280	280	280	280	1	0	280	0				
Recording067	ProVisioNET_study_111_03	Female	Novice	snapshop_A_nametag	4	snapshop_A_nametag	Nametag_Anna	0	0	0	0	0	0	0	0	0	0	0	0	0	0	0	0	0	0	0	0	0	0	0	0	0	0	0	0	0	0	0	0	0	0	0	0	0	0	0	0	0	0	0	0	0	0	0	0																																																	460	460	460	460	1	0	460	Nametag_Anna	Nametag_Anna	0				0			460	460	460	460	1	0	460	460	460	460	460	1	0	460	0				
Recording067	ProVisioNET_study_111_03	Female	Novice	snapshop_A_nametag	5	snapshop_A_nametag	Nametag_Anna	0	0	0	0	0	0	0	0	0	0	0	0	0	0	0	0	0	0	0	0	0	0	0	0	0	0	0	0	0	0	0	0	0	0	0	0	0	0	0	0	0	0	0	0	0	0	0	0																																																	420	420	420	420	1	0	420	Nametag_Anna	Nametag_Anna	0				0			420	420	420	420	1	0	420	420	420	420	420	1	0	420	0				
Recording067	ProVisioNET_study_111_03	Female	Novice	snapshop_A_nametag	6	snapshop_A_nametag	Nametag_Anna	0	0	0	0	0	0	0	0	0	0	0	0	0	0	0	0	0	0	0	0	0	0	0	0	0	0	0	0	0	0	0	0	0	0	0	0	0	0	0	0	0	0	0	0	0	0	0	0																																																	300	300	300	300	1	0	300	Nametag_Anna	Nametag_Anna	0				0			300	300	300	300	1	0	300	300	300	300	300	1	0	300	0				
Recording067	ProVisioNET_study_111_03	Female	Novice	snapshop_A_nametag	7	snapshop_A_nametag	Nametag_Anna	0	0	0	0	0	0	0	0	0	0	0	0	0	0	0	0	0	0	0	0	0	0	0	0	0	0	0	0	0	0	0	0	0	0	0	0	0	0	0	0	0	0	0	0	0	0	0	0																																																	600	300	200	400	2	0	400	Nametag_Anna	Nametag_Anna	0				0			2019	2019	2019	2019	1	0	2019	2019	2019	2019	2019	1	0	2019	2				
Recording067	ProVisioNET_study_111_03	Female	Novice	snapshop_A_nametag	8	snapshop_A_nametag	Nametag_Anna	0	0	0	0	0	0	0	0	0	0	0	0	0	0	0	0	0	0	0	0	0	0	0	0	0	0	0	0	0	0	0	0	0	0	0	0	0	0	0	0	0	0	0	0	0	0	0	0																																																	260	260	260	260	1	0	260	Nametag_Anna	Nametag_Anna	0				0			260	260	260	260	1	0	260	260	260	260	260	1	0	260	0				
Recording067	ProVisioNET_study_111_03	Female	Novice	snapshop_A_nametag	9	snapshop_A_nametag	Nametag_Anna	0	0	0	0	0	0	0	0	0	0	0	0	0	0	0	0	0	0	0	0	0	0	0	0	0	0	0	0	0	0	0	0	0	0	0	0	0	0	0	0	0	0	0	0	0	0	0	0																																																	320	320	320	320	1	0	320	Nametag_Anna	Nametag_Anna	0				0			320	320	320	320	1	0	320	320	320	320	320	1	0	320	0				
Recording067	ProVisioNET_study_111_03	Female	Novice	snapshop_A_nametag	10	snapshop_A_nametag	Nametag_Anna	0	0	0	0	0	0	0	0	0	0	0	0	0	0	0	0	0	0	0	0	0	0	0	0	0	0	0	0	0	0	0	0	0	0	0	0	0	0	0	0	0	0	0	0	0	0	0	0																																																	380	380	380	380	1	0	380	Nametag_Anna	Nametag_Anna	0				0			380	380	380	380	1	0	380	380	380	380	380	1	0	380	0				
Recording067	ProVisioNET_study_111_03	Female	Novice	snapshop_A_nametag	11	snapshop_A_nametag	Nametag_Anna	0	0	0	0	0	0	0	0	0	0	0	0	0	0	0	0	0	0	0	0	0	0	0	0	0	0	0	0	0	0	0	0	0	0	0	0	0	0	0	0	0	0	0	0	0	0	0	0																																																	220	220	220	220	1	0	220	Nametag_Anna	Nametag_Anna	0				0			220	220	220	220	1	0	220	220	220	220	220	1	0	220	0				
Recording067	ProVisioNET_study_111_03	Female	Novice	snapshop_A_nametag	12	snapshop_A_nametag	Nametag_Anna	0	0	0	0	0	0	0	0	0	0	0	0	0	0	0	0	0	0	0	0	0	0	0	0	0	0	0	0	0	0	0	0	0	0	0	0	0	0	0	0	0	0	0	0	0	0	0	0																																																	200	200	200	200	1	0	200	Nametag_Anna	Nametag_Anna	0				0			200	200	200	200	1	0	200	200	200	200	200	1	0	200	0				
Recording067	ProVisioNET_study_111_03	Female	Novice	snapshop_B_nametag	1	snapshop_B_nametag	Nametag_Bianca	0	0	0	0	0	0	0	0	0	0	0	0	0	0	0	0	0	0	0	0	0	0	0	0	0	0	0	0	0	0	0	0	0	0	0	0	0	0	0	0	0	0	0	0	0	0	0	0																																																	600	600	600	600	1	0	600	Nametag_Bianca	Nametag_Bianca	0				0			600	600	600	600	1	0	600	600	600	600	600	1	0	600	0				
Recording067	ProVisioNET_study_111_03	Female	Novice	snapshop_B_nametag	2	snapshop_B_nametag	Nametag_Bianca	0	0	0	0	0	0	0	0	0	0	0	0	0	0	0	0	0	0	0	0	0	0	0	0	0	0	0	0	0	0	0	0	0	0	0	0	0	0	0	0	0	0	0	0	0	0	0	0																																																	640	320	160	480	2	0	160	Nametag_Bianca	Nametag_Bianca	0				0			660	660	660	660	1	0	660	660	660	660	660	1	0	660	1				
Recording067	ProVisioNET_study_111_03	Female	Novice	snapshop_B_nametag	3	snapshop_B_nametag	Nametag_Bianca	0	0	0	0	0	0	0	0	0	0	0	0	0	0	0	0	0	0	0	0	0	0	0	0	0	0	0	0	0	0	0	0	0	0	0	0	0	0	0	0	0	0	0	0	0	0	0	0																																																	220	220	220	220	1	0	220	Nametag_Bianca	Nametag_Bianca	0				0			220	220	220	220	1	0	220	220	220	220	220	1	0	220	0				
Recording067	ProVisioNET_study_111_03	Female	Novice	snapshop_B_nametag	4	snapshop_B_nametag	Nametag_Bianca	0	0	0	0	0	0	0	0	0	0	0	0	0	0	0	0	0	0	0	0	0	0	0	0	0	0	0	0	0	0	0	0	0	0	0	0	0	0	0	0	0	0	0	0	0	0	0	0																																																	780	390	340	440	2	0	440	Nametag_Bianca	Nametag_Bianca	0				0			4257	4257	4257	4257	1	0	4257	4257	4257	4257	4257	1	0	4257	4				
Recording067	ProVisioNET_study_111_03	Female	Novice	snapshop_B_nametag	5	snapshop_B_nametag	Nametag_Bianca	0	0	0	0	0	0	0	0	0	0	0	0	0	0	0	0	0	0	0	0	0	0	0	0	0	0	0	0	0	0	0	0	0	0	0	0	0	0	0	0	0	0	0	0	0	0	0	0																																																	280	280	280	280	1	0	280	Nametag_Bianca	Nametag_Bianca	0				0			280	280	280	280	1	0	280	280	280	280	280	1	0	280	0				
Recording067	ProVisioNET_study_111_03	Female	Novice	snapshop_B_nametag	6	snapshop_B_nametag	Nametag_Bianca	0	0	0	0	0	0	0	0	1	0	0	0	0	0	0	0	0	0	0	0	0	0	0	0	0	0	0	0	0	0	0	0	0	1	0	0	0	0	0	0	0	0	0	0	0	0	0	0									2197																									1062															520	173	80	320	3	0	320	Nametag_Bianca	Nametag_Bianca	0				0			4637	4637	4637	4637	1	0	4637	4637	4637	4637	4637	1	0	4637	0				
Recording067	ProVisioNET_study_111_03	Female	Novice	snapshop_board_screen	1	snapshop_board_screen	Board_Screen	0	1	0	0	0	0	0	0	0	0	0	0	0	0	0	0	0	0	0	0	0	0	0	0	0	0	0	0	0	0	0	0	0	0	0	0	0	0	0	0	0	0	0	0	0	0	0	0		757																																															600	150	100	220	4	0	100	Board_Screen	Board_Screen	0				0			899	899	899	899	1	0	899	899	899	899	899	1	0	899	1				
Recording067	ProVisioNET_study_111_03	Female	Novice	snapshop_board_screen	2	snapshop_board_screen	Board_Screen	0	0	0	0	0	0	0	0	0	0	0	0	0	0	0	0	0	0	0	0	0	0	0	0	0	0	0	0	0	0	0	0	0	0	0	0	0	0	0	0	0	0	0	0	0	0	0	0																																																	11114	427	80	1459	26	0	320	Board_Screen	Board_Screen	0				0			31881	31881	31881	31881	1	0	31881	31881	31881	31881	31881	1	0	31881	27				
Recording067	ProVisioNET_study_111_03	Female	Novice	snapshop_board_screen	3	snapshop_board_screen	Board_Screen	0	0	0	0	0	0	0	0	0	0	0	0	0	0	0	0	0	0	0	0	0	0	0	0	0	0	0	0	0	0	0	0	0	0	0	0	0	0	0	0	0	0	0	0	0	0	0	0																																																	660	330	140	520	2	0	520	Board_Screen	Board_Screen	0				0			680	680	680	680	1	0	680	680	680	680	680	1	0	680	1				
Recording067	ProVisioNET_study_111_03	Female	Novice	snapshop_board_screen	4	snapshop_board_screen	Board_Screen	0	0	0	0	0	0	0	0	0	0	0	0	0	0	0	0	0	0	0	0	0	0	0	0	0	0	0	0	0	0	0	0	0	0	0	0	0	0	0	0	0	0	1	0	0	0	0	0																																											1394						1159	290	80	640	4	0	640	Board_Screen	Board_Screen	0				0			1819	1819	1819	1819	1	0	1819	1819	1819	1819	1819	1	0	1819	0				
Recording067	ProVisioNET_study_111_03	Female	Novice	snapshop_board_screen	5	snapshop_board_screen	Board_Screen	0	0	0	0	0	0	0	0	0	0	0	0	0	0	0	0	0	0	0	1	0	0	0	0	0	0	0	0	0	0	0	0	0	0	0	0	0	0	0	0	0	0	0	0	0	0	0	0																				7659																													7995	615	100	3538	13	0	240	Board_Screen	Board_Screen	0				0			8775	8775	8775	8775	1	0	8775	8775	8775	8775	8775	1	0	8775	8				
Recording067	ProVisioNET_study_111_03	Female	Novice	snapshop_board_screen	6	snapshop_board_screen	Board_Screen	0	0	0	0	0	0	0	0	0	0	0	0	0	0	0	0	0	0	0	0	0	0	0	0	0	0	0	0	0	0	0	0	0	0	0	0	0	0	0	0	0	0	0	0	0	0	0	0																																																	4617	420	80	1379	11	0	140	Board_Screen	Board_Screen	0				0			11733	11733	11733	11733	1	0	11733	11733	11733	11733	11733	1	0	11733	11				
Recording067	ProVisioNET_study_111_03	Female	Novice	snapshop_board_screen	7	snapshop_board_screen	Board_Screen	0	0	0	0	0	0	0	0	0	0	0	0	0	0	0	0	0	0	0	0	0	0	0	0	0	0	0	0	0	0	0	0	0	0	0	0	0	0	0	0	0	0	0	0	0	0	0	0																																																	6796	755	100	3218	9	0	3218	Board_Screen	Board_Screen	0				0			13892	13892	13892	13892	1	0	13892	13892	13892	13892	13892	1	0	13892	7				
Recording067	ProVisioNET_study_111_03	Female	Novice	snapshop_board_screen	8	snapshop_board_screen	Board_Screen	0	0	0	0	0	0	0	0	0	0	0	0	0	0	0	0	0	0	0	0	0	0	0	0	0	0	0	0	0	0	0	0	0	0	0	0	0	0	0	0	0	0	0	0	0	0	0	0																																																	879	293	100	500	3	0	500	Board_Screen	Board_Screen	0				0			1079	1079	1079	1079	1	0	1079	1079	1079	1079	1079	1	0	1079	1				
Recording067	ProVisioNET_study_111_03	Female	Novice	snapshop_board_screen	9	snapshop_board_screen	Board_Screen	0	0	0	0	0	0	0	0	0	0	0	0	0	0	0	0	0	0	0	0	0	0	1	0	0	0	0	0	0	0	0	0	0	0	0	0	0	0	0	0	0	0	0	0	0	0	0	0																							7204																										5177	370	80	939	14	0	80	Board_Screen	Board_Screen	0				0			11993	11993	11993	11993	1	0	11993	11993	11993	11993	11993	1	0	11993	15				
Recording067	ProVisioNET_study_111_03	Female	Novice	snapshop_board_screen	10	snapshop_board_screen	Board_Screen	0	0	0	0	0	0	0	0	0	0	0	0	0	0	0	0	0	0	0	0	0	0	0	0	0	0	0	0	0	0	0	0	0	0	0	0	0	0	0	0	0	0	0	0	0	0	0	0																																																	9294	443	80	1139	21	40	140	Board_Screen	Board_Screen	0				0			21467	21467	21467	21467	1	0	21467	21467	21467	21467	21467	1	0	21467	18				
Recording067	ProVisioNET_study_111_03	Female	Novice	snapshop_board_screen	11	snapshop_board_screen	Board_Screen	0	0	0	0	0	0	0	0	0	0	0	0	0	0	0	0	0	0	0	0	0	0	0	0	0	0	0	0	0	0	0	0	0	0	0	0	0	0	0	0	0	0	0	0	0	0	0	0																																																	8975	561	100	3558	16	0	200	Board_Screen		0				0			19928	19928	19928	19928	1	0	19928	19928	19928	19928	19928	1	0	19928	14				
Recording067	ProVisioNET_study_111_03	Female	Novice	snapshop_board_screen	12	snapshop_board_screen	Board_Screen	0	0	0	0	0	0	0	0	0	0	0	0	0	0	0	0	0	0	0	0	0	0	0	0	0	0	0	0	0	0	0	0	0	0	0	0	0	0	0	0	0	0	0	0	0	0	0	0																																																	6156	513	80	2319	12	0	80	Board_Screen	Board_Screen	0				0			13592	13592	13592	13592	1	0	13592	13592	13592	13592	13592	1	0	13592	7				
Recording067	ProVisioNET_study_111_03	Female	Novice	snapshop_board_screen	13	snapshop_board_screen	Board_Screen	0	0	0	0	0	0	0	0	0	0	0	0	0	0	0	0	0	0	0	0	0	0	0	0	0	0	0	0	0	0	0	0	0	0	0	0	0	0	0	0	0	0	0	0	0	0	0	0																																																	979	326	140	620	3	0	620	Board_Screen	Board_Screen	0				0			3718	3718	3718	3718	1	0	3718	3718	3718	3718	3718	1	0	3718	1				
Recording067	ProVisioNET_study_111_03	Female	Novice	snapshop_board_screen	14	snapshop_board_screen	Board_Screen	0	0	0	0	0	0	0	0	0	0	0	0	0	0	0	0	0	0	0	0	0	0	0	0	0	0	0	0	0	0	0	0	0	0	0	0	0	0	0	0	0	0	0	0	0	0	0	0																																																	2099	700	140	1199	3	0	1199	Board_Screen	Board_Screen	0				0			5637	5637	5637	5637	1	0	5637	5637	5637	5637	5637	1	0	5637	3				
Recording067	ProVisioNET_study_111_03	Female	Novice	snapshop_board_screen	15	snapshop_board_screen	Board_Screen	0	0	0	0	0	0	0	0	0	0	0	0	0	0	0	0	0	0	0	0	0	0	0	0	0	0	0	0	0	0	0	0	0	0	0	0	0	0	0	0	0	0	0	0	0	0	0	0																																																	979	979	979	979	1	0	979	Board_Screen	Board_Screen	0				0			979	979	979	979	1	0	979	979	979	979	979	1	0	979	0				
Recording067	ProVisioNET_study_111_03	Female	Novice	snapshop_board_screen	16	snapshop_board_screen	Board_Screen	0	0	0	0	0	0	0	0	0	0	0	0	0	0	0	0	0	0	0	0	0	0	0	0	0	0	0	0	0	0	0	0	0	0	0	0	0	0	0	0	0	0	0	0	0	0	0	0																																																	1279	640	200	1079	2	40	1079	Board_Screen	Board_Screen	0				0			3918	3918	3918	3918	1	0	3918	3918	3918	3918	3918	1	0	3918	1				
Recording067	ProVisioNET_study_111_03	Female	Novice	snapshop_board_screen	17	snapshop_board_screen	Board_Screen	0	0	0	0	0	0	0	0	0	0	0	0	0	0	0	0	0	0	0	0	0	0	0	0	0	0	0	0	0	0	0	0	0	0	0	0	0	0	0	0	0	0	0	0	0	0	0	0																																																	9854	365	80	1479	27	0	120	Board_Screen	Board_Screen	0				0			26324	26324	26324	26324	1	0	26324	26324	26324	26324	26324	1	0	26324	18				
Recording067	ProVisioNET_study_111_03	Female	Novice	snapshop_board_screen	18	snapshop_board_screen	Board_Screen	0	0	0	0	0	0	0	0	0	0	0	0	0	0	0	0	0	0	0	0	0	0	0	0	0	0	0	0	0	0	0	0	0	0	0	0	0	0	0	0	0	0	0	0	0	0	0	0																																																	820	410	100	720	2	0	720	Board_Screen	Board_Screen	0				0			839	839	839	839	1	0	839	839	839	839	839	1	0	839	1				
Recording067	ProVisioNET_study_111_03	Female	Novice	snapshop_board_screen	19	snapshop_board_screen	Board_Screen	0	0	0	0	0	0	0	0	0	0	0	0	0	0	0	0	0	0	0	0	0	0	0	0	0	0	0	0	0	0	0	0	0	0	0	0	0	0	0	0	0	0	0	0	0	0	0	0																																																	5677	437	140	740	13	0	140	Board_Screen	Board_Screen	0				0			6176	6176	6176	6176	1	0	6176	6176	6176	6176	6176	1	0	6176	10				
Recording067	ProVisioNET_study_111_03	Female	Novice	snapshop_board_screen	20	snapshop_board_screen	Board_Screen	0	0	0	0	0	0	0	0	0	0	0	0	0	0	0	0	0	0	0	0	0	0	0	0	0	0	0	0	0	0	0	0	0	0	0	0	0	0	0	0	0	0	0	0	0	0	0	0																																																	3958	440	140	1079	9	0	140	Board_Screen	Board_Screen	0				0			4277	4277	4277	4277	1	0	4277	4277	4277	4277	4277	1	0	4277	7				
Recording067	ProVisioNET_study_111_03	Female	Novice	snapshop_board_screen	21	snapshop_board_screen	Board_Screen	0	0	0	0	0	0	0	0	0	0	0	0	0	0	0	0	0	0	0	0	0	0	0	0	0	0	0	0	0	0	0	0	0	0	0	0	0	0	0	0	0	0	0	0	0	0	0	0																																																	620	207	100	380	3	0	100	Board_Screen	Board_Screen	0				0			720	720	720	720	1	0	720	720	720	720	720	1	0	720	1				
Recording067	ProVisioNET_study_111_03	Female	Novice	snapshop_board_screen	22	snapshop_board_screen	Board_Screen	0	0	0	0	0	0	0	0	0	0	1	0	0	0	0	0	0	0	0	0	0	0	0	0	0	0	0	0	0	0	0	0	0	0	0	0	0	0	0	0	0	0	0	0	0	0	0	0											6557																																						7376	922	100	2499	8	0	280	Board_Screen	Board_Screen	0				0			9254	9254	9254	9254	1	0	9254	9254	9254	9254	9254	1	0	9254	6				
Recording067	ProVisioNET_study_111_03	Female	Novice	snapshop_board_screen	23	snapshop_board_screen	Board_Screen	0	0	0	0	0	0	0	0	0	0	0	0	0	0	0	0	0	0	0	0	0	0	0	0	0	0	0	0	0	0	0	0	0	0	0	0	0	0	0	0	0	0	0	0	0	0	0	0																																																	13412	1341	100	4058	10	0	100	Board_Screen	Board_Screen	0				0			13932	13932	13932	13932	1	0	13932	13932	13932	13932	13932	1	0	13932	7				
Recording067	ProVisioNET_study_111_03	Female	Novice	snapshop_board_screen	24	snapshop_board_screen	Board_Screen	0	0	0	0	0	0	0	0	0	0	0	0	0	0	0	1	0	0	0	0	0	0	0	0	0	0	0	0	0	0	0	0	0	0	0	0	0	0	0	0	0	0	0	0	0	0	0	0																4329																																	11853	1317	80	6196	9	0	80	Board_Screen		0				0			12692	12692	12692	12692	1	0	12692	12692	12692	12692	12692	1	0	12692	4				
Recording067	ProVisioNET_study_111_03	Female	Novice	snapshop_board_screen	25	snapshop_board_screen	Board_Screen	0	0	0	0	0	0	0	0	0	0	0	0	0	1	0	0	0	0	0	0	0	0	0	0	0	0	0	0	0	0	0	0	0	0	0	0	0	0	0	0	0	0	0	0	0	0	0	0														250																																			540	540	540	540	1	0	540	Board_Screen	Board_Screen	0				0			540	540	540	540	1	0	540	540	540	540	540	1	0	540	0				
Recording067	ProVisioNET_study_111_03	Female	Novice	snapshop_board_screen	26	snapshop_board_screen	Board_Screen	0	0	0	0	0	0	0	0	0	0	0	0	0	0	0	0	0	0	0	0	0	0	0	0	0	0	0	0	0	0	0	0	0	0	0	0	0	0	0	0	0	0	0	0	0	0	0	0																																																	21747	1450	140	6496	15	0	140	Board_Screen	Board_Screen	0				0			24266	24266	24266	24266	1	0	24266	24266	24266	24266	24266	1	0	24266	7				
Recording067	ProVisioNET_study_111_03	Female	Novice	snapshop_board_screen	27	snapshop_board_screen	Board_Screen	0	0	0	0	0	0	0	0	0	0	0	0	0	0	0	0	0	0	0	0	0	0	0	0	0	0	0	0	0	0	0	0	0	0	0	0	0	0	0	0	0	0	0	0	0	0	0	0																																																	5577	620	80	3378	9	0	540	Board_Screen	Board_Screen	0				0			8075	8075	8075	8075	1	0	8075	8075	8075	8075	8075	1	0	8075	5				
Recording067	ProVisioNET_study_111_03	Female	Novice	snapshop_board_screen	28	snapshop_board_screen	Board_Screen	0	0	0	0	0	0	0	0	0	0	0	0	0	0	0	0	0	0	0	0	0	0	0	0	0	0	0	0	0	0	1	1	0	0	0	0	0	0	0	0	0	0	0	0	0	0	0	0																															3001	3118																	9674	1382	200	3998	7	0	260	Board_Screen	Board_Screen	0				0			9954	9954	9954	9954	1	0	9954	9954	9954	9954	9954	1	0	9954	4				
Recording067	ProVisioNET_study_111_03	Female	Novice	snapshop_board_screen	29	snapshop_board_screen	Board_Screen	0	0	0	0	0	0	0	0	0	0	0	0	0	0	0	0	0	0	0	0	0	0	0	0	0	0	0	0	0	0	0	0	0	0	0	0	0	0	0	0	0	0	0	0	0	0	0	0																																																	18029	1002	80	6996	18	0	140	Board_Screen	Board_Screen	0				0			20728	20728	20728	20728	1	0	20728	20728	20728	20728	20728	1	0	20728	12				
Recording067	ProVisioNET_study_111_03	Female	Novice	snapshop_board_screen	30	snapshop_board_screen	Board_Screen	0	0	0	0	0	0	0	0	0	0	0	0	0	0	0	0	0	0	0	0	0	0	0	0	0	0	0	0	0	0	0	0	0	0	0	0	0	0	0	0	0	0	0	0	0	0	0	0																																																	700	350	260	440	2	0	440	Board_Screen	Board_Screen	0				0			720	720	720	720	1	0	720	720	720	720	720	1	0	720	1				
Recording067	ProVisioNET_study_111_03	Female	Novice	snapshop_board_screen	31	snapshop_board_screen	Board_Screen	0	0	0	0	0	0	0	0	0	0	0	0	0	0	0	0	0	0	0	0	0	0	0	0	0	0	0	0	0	0	0	0	0	0	0	0	0	0	0	0	0	0	0	0	0	0	0	0																																																	400	400	400	400	1	0	400	Board_Screen	Board_Screen	0				0			400	400	400	400	1	0	400	400	400	400	400	1	0	400	0				
Recording067	ProVisioNET_study_111_03	Female	Novice	snapshop_board_screen	32	snapshop_board_screen	Board_Screen	0	0	0	0	0	0	0	1	0	0	0	0	0	0	0	0	0	0	0	0	0	0	0	0	0	0	0	0	0	0	0	0	0	0	0	0	0	0	0	0	0	0	0	0	0	0	0	0								74																																									1959	392	80	939	5	0	80	Board_Screen	Board_Screen	0				0			5777	5777	5777	5777	1	0	5777	5777	5777	5777	5777	1	0	5777	4				
Recording067	ProVisioNET_study_111_03	Female	Novice	snapshop_board_screen	33	snapshop_board_screen	Board_Screen	0	0	0	0	0	0	0	0	0	0	0	0	0	0	0	0	0	0	0	0	0	0	0	0	0	0	0	0	0	0	0	0	0	0	0	0	0	0	0	0	0	0	0	0	0	0	0	0																																																	80	80	80	80	1	0	80	Board_Screen	Board_Screen	0				0			80	80	80	80	1	0	80	80	80	80	80	1	0	80	0				
Recording067	ProVisioNET_study_111_03	Female	Novice	snapshop_board_screen	34	snapshop_board_screen	Board_Screen	0	0	0	0	0	0	0	0	0	0	0	0	0	0	0	0	0	0	0	0	0	0	0	0	0	0	0	0	0	0	0	0	0	0	0	0	0	0	0	0	0	0	0	0	0	0	0	0																																																	1299	260	100	420	5	0	360	Board_Screen	Board_Screen	0				0			3798	3798	3798	3798	1	0	3798	3798	3798	3798	3798	1	0	3798	5				
Recording067	ProVisioNET_study_111_03	Female	Novice	snapshop_board_screen	35	snapshop_board_screen	Board_Screen	0	0	0	0	0	0	0	0	0	0	0	0	0	0	0	0	0	0	0	0	0	0	0	0	0	0	0	0	0	0	0	0	0	0	0	0	0	0	0	0	0	0	0	0	0	0	0	0																																																	260	130	80	180	2	0	80	Board_Screen	Board_Screen	0				0			440	440	440	440	1	0	440	440	440	440	440	1	0	440	0				
Recording067	ProVisioNET_study_111_03	Female	Novice	snapshop_board_screen	36	snapshop_board_screen	Board_Screen	0	0	0	0	0	0	0	0	0	0	0	0	0	0	0	0	0	0	0	0	0	0	0	0	0	0	0	0	0	0	0	0	0	0	0	0	0	0	0	0	0	0	0	0	0	0	0	0																																																	1039	208	80	380	5	0	80	Board_Screen	Board_Screen	0				0			4817	4817	4817	4817	1	0	4817	4817	4817	4817	4817	1	0	4817	2				
Recording067	ProVisioNET_study_111_03	Female	Novice	snapshop_board_screen	37	snapshop_board_screen	Board_Screen	0	0	0	0	0	0	0	0	0	0	0	0	0	0	0	0	0	0	0	0	0	0	0	0	0	0	0	0	0	0	0	0	0	0	0	0	0	0	0	0	0	0	0	0	0	0	0	0																																																	680	170	80	360	4	0	100	Board_Screen	Board_Screen	0				0			780	780	780	780	1	0	780	780	780	780	780	1	0	780	2				
Recording067	ProVisioNET_study_111_03	Female	Novice	snapshop_C_nametag	1	snapshop_C_nametag	Nametag_Carl(a)	0	0	0	0	0	0	0	0	0	0	0	0	0	0	0	0	0	0	0	0	0	0	0	0	0	0	0	0	0	0	0	0	0	0	0	0	0	0	0	0	0	0	0	0	0	0	0	0																																																	340	340	340	340	1	0	340	Nametag_Carl(a)	Nametag_Carl(a)	0				0			340	340	340	340	1	0	340	340	340	340	340	1	0	340	0				
Recording067	ProVisioNET_study_111_03	Female	Novice	snapshop_C_nametag	2	snapshop_C_nametag	Nametag_Carl(a)	0	0	0	0	0	0	0	0	0	0	0	0	0	0	0	0	0	0	0	0	0	0	0	0	0	0	0	0	0	0	0	0	0	0	0	0	0	0	0	0	0	0	0	0	0	0	0	0																																																	320	320	320	320	1	0	320	Nametag_Carl(a)		0				0			340	340	340	340	1	0	340	340	340	340	340	1	0	340	0				
Recording067	ProVisioNET_study_111_03	Female	Novice	snapshop_C_nametag	3	snapshop_C_nametag	Nametag_Carl(a)	0	0	0	0	0	0	0	0	0	0	0	0	0	0	0	0	0	0	0	0	0	0	0	0	0	0	0	0	0	0	0	0	0	0	0	0	0	0	0	0	0	0	0	0	0	0	0	0																																																	280	280	280	280	1	0	280	Nametag_Carl(a)	Nametag_Carl(a)	0				0			280	280	280	280	1	0	280	280	280	280	280	1	0	280	0				
Recording067	ProVisioNET_study_111_03	Female	Novice	snapshop_C_nametag	4	snapshop_C_nametag	Nametag_Carl(a)	0	0	0	0	0	0	0	0	0	0	0	0	0	0	0	0	0	0	0	0	0	0	0	0	0	0	0	0	0	0	0	0	0	0	0	0	0	0	0	0	0	0	0	0	0	0	0	1																																																9	400	400	400	400	1	0	400	Nametag_Carl(a)	Nametag_Carl(a)	0				0			400	400	400	400	1	0	400	400	400	400	400	1	0	400	0				
Recording067	ProVisioNET_study_111_03	Female	Novice	snapshop_C_nametag	5	snapshop_C_nametag	Nametag_Carl(a)	0	0	0	0	0	0	0	0	0	0	0	0	0	0	0	0	0	0	0	0	0	0	0	0	0	0	0	0	0	0	0	0	0	0	0	0	0	0	0	0	0	0	0	0	0	0	0	0																																																	220	220	220	220	1	0	220	Nametag_Carl(a)	Nametag_Carl(a)	0				0			220	220	220	220	1	0	220	220	220	220	220	1	0	220	0				
Recording067	ProVisioNET_study_111_03	Female	Novice	snapshop_C_nametag	6	snapshop_C_nametag	Nametag_Carl(a)	0	0	0	0	0	0	0	0	0	0	0	0	0	0	0	0	0	0	0	0	0	0	0	0	0	0	0	0	0	0	0	0	0	0	0	0	0	0	0	0	0	0	0	0	0	0	0	0																																																	360	180	120	240	2	0	120	Nametag_Carl(a)	Nametag_Carl(a)	0				0			1839	1839	1839	1839	1	0	1839	1839	1839	1839	1839	1	0	1839	2				
Recording067	ProVisioNET_study_111_03	Female	Novice	snapshop_C_nametag	7	snapshop_C_nametag	Nametag_Carl(a)	0	0	0	0	0	0	0	0	0	0	0	0	0	0	0	0	0	0	0	0	0	0	0	0	0	0	0	0	0	0	0	0	0	0	0	0	0	0	0	0	0	0	0	0	0	0	0	0																																																	180	180	180	180	1	0	180	Nametag_Carl(a)	Nametag_Carl(a)	0				0			180	180	180	180	1	0	180	180	180	180	180	1	0	180	0				
Recording067	ProVisioNET_study_111_03	Female	Novice	snapshop_C_nametag	8	snapshop_C_nametag	Nametag_Carl(a)	0	0	0	0	0	0	0	0	0	0	0	0	0	0	0	0	0	0	0	0	0	0	0	0	0	0	0	0	0	0	0	0	0	0	0	0	0	0	0	0	0	0	0	0	0	0	0	0																																																	80	80	80	80	1	0	80	Nametag_Carl(a)	Nametag_Carl(a)	0				0			80	80	80	80	1	0	80	80	80	80	80	1	0	80	0				
Recording067	ProVisioNET_study_111_03	Female	Novice	snapshop_C_nametag	9	snapshop_C_nametag	Nametag_Carl(a)	0	0	0	0	0	0	0	0	0	0	0	0	0	0	0	0	0	0	0	0	0	0	0	0	0	0	0	0	0	0	0	0	0	0	0	0	0	0	0	0	0	0	0	0	0	0	0	0																																																	100	100	100	100	1	0	100	Nametag_Carl(a)	Nametag_Carl(a)	0				0			100	100	100	100	1	0	100	100	100	100	100	1	0	100	0				
Recording067	ProVisioNET_study_111_03	Female	Novice	snapshop_C_nametag	10	snapshop_C_nametag	Nametag_Carl(a)	0	0	0	0	0	0	0	0	0	0	0	0	0	0	1	0	0	0	0	0	0	0	0	0	0	0	0	0	0	0	0	0	0	0	0	1	0	0	0	0	0	0	0	0	0	0	0	0															3050																					120													460	230	220	240	2	0	240	Nametag_Carl(a)	Nametag_Carl(a)	0				0			4797	4797	4797	4797	1	0	4797	4797	4797	4797	4797	1	0	4797	2				
Recording067	ProVisioNET_study_111_03	Female	Novice	snapshop_C_nametag	11	snapshop_C_nametag	Nametag_Carl(a)	0	0	0	0	0	0	0	0	0	0	0	0	0	0	0	0	0	0	0	0	0	0	0	0	0	0	0	0	0	0	0	0	0	0	0	0	0	0	0	0	0	0	0	0	0	0	0	0																																																	200	200	200	200	1	0	200	Nametag_Carl(a)	Nametag_Carl(a)	0				0			200	200	200	200	1	0	200	200	200	200	200	1	0	200	0				
Recording067	ProVisioNET_study_111_03	Female	Novice	snapshop_C_nametag	12	snapshop_C_nametag	Nametag_Carl(a)	0	0	0	0	0	0	0	0	0	0	0	0	0	0	0	0	0	0	0	0	0	0	0	0	0	0	0	0	0	0	0	0	0	0	0	0	0	0	0	0	0	0	0	0	0	0	0	0																																																	140	140	140	140	1	0	140	Nametag_Carl(a)	Nametag_Carl(a)	0				0			140	140	140	140	1	0	140	140	140	140	140	1	0	140	0				
Recording067	ProVisioNET_study_111_03	Female	Novice	snapshopt_material_students	1	snapshopt_material_students	Material_Students	0	0	0	0	0	0	0	0	0	0	0	0	0	0	0	0	0	0	0	0	0	0	0	0	0	0	0	0	0	0	0	0	0	0	0	0	0	0	0	0	0	0	0	0	0	0	0	0																																																	1079	540	100	979	2	0	979	Material_Students	Material_Students	0				0			5897	5897	5897	5897	1	0	5897	5897	5897	5897	5897	1	0	5897	7				
Recording067	ProVisioNET_study_111_03	Female	Novice	snapshopt_material_students	2	snapshopt_material_students	Material_Students	0	0	0	0	0	0	0	0	0	0	0	0	0	0	0	0	0	0	0	0	0	0	0	0	0	0	0	0	0	0	0	0	0	0	0	0	0	0	0	0	0	0	0	0	0	0	0	0																																																	3818	477	80	999	8	0	360	Material_Students		0				0			5397	5397	5397	5397	1	0	5397	5397	5397	5397	5397	1	0	5397	4				
Recording067	ProVisioNET_study_111_03	Female	Novice	snapshopt_material_students	3	snapshopt_material_students	Material_Students	0	0	0	0	0	0	0	0	0	0	0	0	0	0	0	0	0	0	0	0	0	0	0	0	0	0	0	0	0	0	0	0	0	0	0	0	0	0	0	0	0	0	0	0	0	0	0	0																																																	320	160	140	180	2	0	140	Material_Students	Material_Students	0				0			1659	1659	1659	1659	1	0	1659	1659	1659	1659	1659	1	0	1659	3				
Recording067	ProVisioNET_study_111_03	Female	Novice	snapshopt_material_students	4	snapshopt_material_students	Material_Students	0	0	0	0	0	0	0	0	0	0	0	0	0	0	0	0	0	0	0	0	0	0	0	0	0	0	0	0	0	0	0	0	0	0	0	0	0	0	0	0	0	0	0	0	0	0	0	0																																																	160	160	160	160	1	0	160	Material_Students	Material_Students	0				0			160	160	160	160	1	0	160	160	160	160	160	1	0	160	0				
Recording067	ProVisioNET_study_111_03	Female	Novice	snapshopt_material_students	5	snapshopt_material_students	Material_Students	0	0	0	0	0	0	0	0	0	0	0	0	0	0	0	0	0	0	0	0	0	0	0	0	0	0	0	0	0	0	0	0	0	0	0	0	0	0	0	0	0	0	0	0	0	0	0	0																																																	300	300	300	300	1	0	300	Material_Students	Material_Students	0				0			300	300	300	300	1	0	300	300	300	300	300	1	0	300	0				
Recording067	ProVisioNET_study_111_03	Female	Novice	snapshopt_material_students	6	snapshopt_material_students	Material_Students	0	0	0	0	0	0	0	0	0	0	0	0	0	0	0	0	0	0	0	0	0	0	0	0	0	0	0	0	0	0	0	0	0	0	0	0	0	0	0	0	0	0	0	0	0	0	0	0																																																	140	140	140	140	1	0	140	Material_Students	Material_Students	0				0			140	140	140	140	1	0	140	140	140	140	140	1	0	140	0				
Recording067	ProVisioNET_study_111_03	Female	Novice	snapshopt_material_students	7	snapshopt_material_students	Material_Students	0	0	0	0	0	0	0	0	0	0	0	0	0	0	0	0	0	0	0	0	0	0	0	0	0	0	0	0	0	0	0	0	0	0	0	0	0	0	0	0	0	0	0	0	0	0	0	0																																																	899	300	280	320	3	0	280	Material_Students	Material_Students	0				0			3598	3598	3598	3598	1	0	3598	3598	3598	3598	3598	1	0	3598	3				
Recording067	ProVisioNET_study_111_03	Female	Novice	snapshopt_material_students	8	snapshopt_material_students	Material_Students	0	0	0	0	0	0	0	0	0	0	0	0	0	0	0	0	0	0	0	0	0	0	0	0	0	0	0	0	0	0	0	0	0	0	0	0	0	0	0	0	0	0	0	0	0	0	0	0																																																	300	300	300	300	1	0	300	Material_Students	Material_Students	0				0			300	300	300	300	1	0	300	300	300	300	300	1	0	300	0				
Recording067	ProVisioNET_study_111_03	Female	Novice	snapshopt_material_students	9	snapshopt_material_students	Material_Students	0	0	0	0	0	0	0	0	0	0	0	0	0	0	0	0	0	0	0	0	0	0	0	0	0	0	0	0	0	0	0	0	0	0	0	0	0	0	0	0	0	0	0	0	0	0	0	0																																																	35419	600	80	2399	59	0	600	Material_Students	Material_Students	0				0			47272	47272	47272	47272	1	0	47272	47272	47272	47272	47272	1	0	47272	46				
Recording067	ProVisioNET_study_111_03	Female	Novice	snapshopt_material_students	10	snapshopt_material_students	Material_Students	0	0	0	0	0	0	0	0	0	0	0	0	0	0	0	0	0	0	0	0	0	0	0	0	0	0	0	0	0	0	0	0	0	0	0	0	0	0	0	0	0	0	0	0	0	0	0	0																																																	1059	1059	1059	1059	1	0	1059	Material_Students	Material_Students	0				0			1059	1059	1059	1059	1	0	1059	1059	1059	1059	1059	1	0	1059	0				
Recording067	ProVisioNET_study_111_03	Female	Novice	snapshopt_material_students	11	snapshopt_material_students	Material_Students	0	0	0	0	0	0	0	0	0	0	0	0	0	0	0	0	0	0	0	0	0	0	0	0	0	0	0	0	0	0	0	0	0	0	0	0	0	0	0	0	0	0	0	0	0	0	0	0																																																	220	220	220	220	1	0	220	Material_Students	Material_Students	0				0			220	220	220	220	1	0	220	220	220	220	220	1	0	220	0				
Recording067	ProVisioNET_study_111_03	Female	Novice	snapshopt_material_students	12	snapshopt_material_students	Material_Students	0	0	0	0	0	0	0	0	0	0	0	0	0	0	0	0	0	0	0	0	0	0	0	0	0	0	0	0	0	0	0	0	0	0	0	0	0	0	0	0	0	0	0	0	0	0	0	0																																																	200	200	200	200	1	0	200	Material_Students	Material_Students	0				0			200	200	200	200	1	0	200	200	200	200	200	1	0	200	0				
Recording067	ProVisioNET_study_111_03	Female	Novice	snapshopt_material_students	13	snapshopt_material_students	Material_Students	0	0	0	0	0	0	0	0	0	0	0	0	0	0	0	0	0	0	0	0	0	0	0	0	0	0	0	0	0	0	0	0	0	0	0	1	0	0	0	0	0	0	0	0	0	0	0	0																																				999													1299	650	460	839	2	0	839	Material_Students	Material_Students	0				0			3238	3238	3238	3238	1	0	3238	3238	3238	3238	3238	1	0	3238	2				
Recording067	ProVisioNET_study_111_03	Female	Novice	snapshopt_material_students	14	snapshopt_material_students	Material_Students	0	0	0	0	0	0	0	0	0	0	0	0	0	0	0	0	0	0	0	0	0	0	0	0	0	0	0	0	0	0	0	0	0	0	0	0	0	0	0	0	0	0	0	0	0	0	0	0																																																	360	360	360	360	1	0	360	Material_Students	Material_Students	0				0			360	360	360	360	1	0	360	360	360	360	360	1	0	360	0				
Recording067	ProVisioNET_study_111_03	Female	Novice	snapshot_classroom_others	1	snapshot_classroom_others	Classroom_Others	0	0	0	0	0	0	0	0	0	0	0	0	0	0	0	0	0	0	0	0	0	0	0	0	0	0	0	0	0	0	0	0	0	0	0	0	0	0	0	0	0	0	0	0	0	0	0	0																																																	520	104	80	140	5	0	140	Classroom_Others	Classroom_Others	0				0			3418	3418	3418	3418	1	0	3418	3418	3418	3418	3418	1	0	3418	2				
Recording067	ProVisioNET_study_111_03	Female	Novice	snapshot_classroom_others	2	snapshot_classroom_others	Classroom_Others	0	1	0	0	0	0	0	0	0	0	0	0	0	0	0	0	0	0	0	0	0	0	0	0	0	0	0	0	0	0	0	0	0	0	0	0	0	0	0	0	0	0	0	0	0	0	0	0		4695																																															2598	236	100	520	11	0	100	Classroom_Others	Classroom_Others	0				0			21567	21567	21567	21567	1	0	21567	21567	21567	21567	21567	1	0	21567	15				
Recording067	ProVisioNET_study_111_03	Female	Novice	snapshot_classroom_others	3	snapshot_classroom_others	Classroom_Others	0	0	0	0	0	0	0	0	0	0	0	0	0	0	0	0	0	0	0	0	0	0	0	0	0	0	0	0	0	0	0	0	0	0	0	0	0	0	0	0	0	0	0	0	0	0	0	0																																																	2179	198	80	440	11	0	240	Classroom_Others	Classroom_Others	0				0			21308	21308	21308	21308	1	0	21308	21308	21308	21308	21308	1	0	21308	16				
Recording067	ProVisioNET_study_111_03	Female	Novice	snapshot_classroom_others	4	snapshot_classroom_others	Classroom_Others	0	0	0	0	0	0	0	0	0	0	0	0	0	0	0	0	0	0	0	0	0	0	0	0	0	0	0	0	0	0	0	0	0	0	0	0	0	0	0	0	0	0	0	0	0	0	0	0																																																	200	200	200	200	1	0	200	Classroom_Others	Classroom_Others	0				0			200	200	200	200	1	0	200	200	200	200	200	1	0	200	0				
Recording067	ProVisioNET_study_111_03	Female	Novice	snapshot_classroom_others	5	snapshot_classroom_others	Classroom_Others	0	0	0	0	0	0	0	0	0	0	0	0	0	0	0	0	0	0	0	0	0	0	0	0	0	0	0	0	0	0	0	0	0	0	0	0	0	0	0	0	0	0	0	0	0	0	0	0																																																	3958	396	100	1599	10	0	100	Classroom_Others	Classroom_Others	0				0			14571	14571	14571	14571	1	0	14571	14571	14571	14571	14571	1	0	14571	9				
Recording067	ProVisioNET_study_111_03	Female	Novice	snapshot_classroom_others	6	snapshot_classroom_others	Classroom_Others	0	0	0	0	0	0	0	0	0	0	0	0	0	0	0	0	0	0	0	0	0	0	0	0	0	0	0	0	0	0	0	0	0	0	0	0	0	0	0	0	0	0	0	0	0	0	0	0																																																	680	170	100	240	4	40	100	Classroom_Others	Classroom_Others	0				0			4977	4977	4977	4977	1	0	4977	4977	4977	4977	4977	1	0	4977	2				
Recording067	ProVisioNET_study_111_03	Female	Novice	snapshot_classroom_others	7	snapshot_classroom_others	Classroom_Others	0	0	0	0	0	0	0	0	0	0	0	0	0	0	0	0	0	0	0	0	0	0	0	0	0	0	0	0	0	0	0	0	0	0	0	0	0	0	0	0	0	0	0	0	0	0	0	0																																																	540	270	180	360	2	0	360	Classroom_Others	Classroom_Others	0				0			1719	1719	1719	1719	1	0	1719	1719	1719	1719	1719	1	0	1719	2				
Recording067	ProVisioNET_study_111_03	Female	Novice	snapshot_classroom_others	8	snapshot_classroom_others	Classroom_Others	0	0	0	0	0	0	0	0	0	0	0	0	0	0	0	0	0	0	0	0	0	0	0	0	0	0	0	0	0	0	0	0	0	0	0	0	0	0	0	0	0	0	0	0	0	0	0	0																																																	300	150	100	200	2	0	100	Classroom_Others	Classroom_Others	0				0			2479	2479	2479	2479	1	0	2479	2479	2479	2479	2479	1	0	2479	2				
Recording067	ProVisioNET_study_111_03	Female	Novice	snapshot_classroom_others	9	snapshot_classroom_others	Classroom_Others	0	0	0	0	0	0	0	0	0	0	0	0	0	0	0	0	0	0	0	0	0	0	0	0	0	0	0	0	0	0	0	0	0	0	0	0	0	0	0	0	0	0	0	0	0	0	0	0																																																	180	180	180	180	1	0	180	Classroom_Others	Classroom_Others	0				0			180	180	180	180	1	0	180	180	180	180	180	1	0	180	0				
Recording067	ProVisioNET_study_111_03	Female	Novice	snapshot_classroom_others	10	snapshot_classroom_others	Classroom_Others	0	0	0	0	0	0	0	0	0	0	0	0	0	0	0	0	0	0	0	0	0	0	0	0	0	0	0	0	0	0	0	0	0	0	0	0	0	0	0	0	0	0	0	0	0	0	0	0																																																	540	270	240	300	2	40	240	Classroom_Others	Classroom_Others	0				0			600	600	600	600	1	0	600	600	600	600	600	1	0	600	1				
Recording067	ProVisioNET_study_111_03	Female	Novice	snapshot_classroom_others	11	snapshot_classroom_others	Classroom_Others	0	0	0	0	0	0	0	0	0	0	0	0	0	0	0	0	0	0	0	0	0	0	0	0	0	0	0	0	0	0	0	0	0	0	0	0	0	0	0	0	0	0	0	0	0	0	0	0																																																	460	153	80	220	3	0	80	Classroom_Others	Classroom_Others	0				0			780	780	780	780	1	0	780	780	780	780	780	1	0	780	1				
Recording067	ProVisioNET_study_111_03	Female	Novice	snapshot_classroom_others	12	snapshot_classroom_others	Classroom_Others	0	0	0	0	0	0	0	0	0	0	0	0	0	0	0	0	0	0	0	0	0	0	0	0	0	0	0	0	0	0	0	0	0	0	0	0	0	0	0	0	0	0	0	0	0	0	0	0																																																	700	700	700	700	1	0	700	Classroom_Others	Classroom_Others	0				0			700	700	700	700	1	0	700	700	700	700	700	1	0	700	0				
Recording067	ProVisioNET_study_111_03	Female	Novice	snapshot_classroom_others	13	snapshot_classroom_others	Classroom_Others	0	0	0	0	0	0	0	0	0	0	0	0	0	0	0	0	0	0	0	0	0	0	0	0	0	0	0	0	0	0	0	0	0	0	0	0	0	0	0	0	0	0	0	0	0	0	0	0																																																	819	205	120	260	4	40	120	Classroom_Others	Classroom_Others	0				0			5956	5956	5956	5956	1	0	5956	5956	5956	5956	5956	1	0	5956	1				
Recording067	ProVisioNET_study_111_03	Female	Novice	snapshot_classroom_others	14	snapshot_classroom_others	Classroom_Others	0	0	0	0	0	0	0	0	0	0	0	0	0	0	0	0	0	0	0	0	0	0	0	0	0	0	0	0	0	0	0	0	0	0	0	0	0	0	0	0	0	0	1	0	0	0	0	0																																											5351						4797	343	80	1239	14	0	1239	Classroom_Others	Classroom_Others	0				0			17370	17370	17370	17370	1	0	17370	17370	17370	17370	17370	1	0	17370	23				
Recording067	ProVisioNET_study_111_03	Female	Novice	snapshot_classroom_others	15	snapshot_classroom_others	Classroom_Others	0	0	0	0	0	0	0	0	0	0	0	0	0	0	0	0	0	0	0	0	0	0	0	0	0	0	0	0	0	0	0	0	0	0	0	0	0	0	0	0	0	0	0	0	0	0	0	0																																																	200	200	200	200	1	0	200	Classroom_Others	Classroom_Others	0				0			200	200	200	200	1	0	200	200	200	200	200	1	0	200	0				
Recording067	ProVisioNET_study_111_03	Female	Novice	snapshot_classroom_others	16	snapshot_classroom_others	Classroom_Others	0	0	0	0	0	0	0	0	0	0	0	0	0	0	0	0	0	0	0	0	0	0	0	0	0	0	0	0	0	0	0	0	0	0	0	0	0	0	0	0	0	0	0	0	0	0	0	0																																																	120	120	120	120	1	0	120	Classroom_Others	Classroom_Others	0				0			120	120	120	120	1	0	120	120	120	120	120	1	0	120	0				
Recording067	ProVisioNET_study_111_03	Female	Novice	snapshot_classroom_others	17	snapshot_classroom_others	Classroom_Others	0	0	0	0	0	0	0	0	0	0	0	0	0	0	0	0	0	0	0	0	0	0	0	0	0	0	0	0	0	0	0	0	0	0	0	0	0	0	0	0	0	0	0	0	0	0	0	0																																																	2578	258	100	640	10	0	200	Classroom_Others		0				0			8275	8275	8275	8275	1	0	8275	8275	8275	8275	8275	1	0	8275	8				
Recording067	ProVisioNET_study_111_03	Female	Novice	snapshot_classroom_others	18	snapshot_classroom_others	Classroom_Others	0	0	0	0	0	0	0	0	0	0	0	0	0	0	0	0	0	0	0	0	0	0	0	0	0	0	0	0	0	0	0	0	0	0	0	0	0	0	0	0	0	0	0	0	0	0	0	0																																																	340	340	340	340	1	0	340	Classroom_Others	Classroom_Others	0				0			340	340	340	340	1	0	340	340	340	340	340	1	0	340	0				
Recording067	ProVisioNET_study_111_03	Female	Novice	snapshot_classroom_others	19	snapshot_classroom_others	Classroom_Others	0	0	0	0	0	0	0	0	0	0	0	0	0	0	0	0	0	0	0	0	0	0	0	0	0	0	0	0	0	0	0	0	0	0	0	0	0	0	0	0	0	0	0	0	0	0	0	0																																																	380	190	180	200	2	0	200	Classroom_Others	Classroom_Others	0				0			4158	4158	4158	4158	1	0	4158	4158	4158	4158	4158	1	0	4158	3				
Recording067	ProVisioNET_study_111_03	Female	Novice	snapshot_classroom_others	20	snapshot_classroom_others	Classroom_Others	0	0	0	0	0	0	0	0	0	0	0	0	0	0	0	0	0	0	0	0	0	0	0	0	0	0	0	0	0	0	0	0	0	0	0	0	0	0	0	0	0	0	0	0	0	0	0	0																																																	220	220	220	220	1	40	220	Classroom_Others	Classroom_Others	0				0			260	260	260	260	1	0	260	260	260	260	260	1	0	260	0				
Recording067	ProVisioNET_study_111_03	Female	Novice	snapshot_classroom_others	21	snapshot_classroom_others	Classroom_Others	0	0	0	0	0	0	0	0	0	0	0	0	0	0	0	0	0	0	0	0	0	0	0	1	1	0	0	0	0	0	0	0	0	0	0	0	0	0	1	0	0	0	0	0	0	0	0	0																								14369	10084														17071										2379	183	80	440	13	0	80	Classroom_Others		0				0			25825	25825	25825	25825	1	0	25825	25825	25825	25825	25825	1	0	25825	19				
Recording067	ProVisioNET_study_111_03	Female	Novice	snapshot_classroom_others	22	snapshot_classroom_others	Classroom_Others	0	0	0	0	0	0	0	0	0	0	0	0	0	0	0	0	0	0	0	0	0	0	0	0	0	0	0	0	0	0	0	0	0	0	0	0	0	0	0	0	0	0	0	0	0	0	0	0																																																	1059	353	320	380	3	0	360	Classroom_Others	Classroom_Others	0				0			3758	3758	3758	3758	1	0	3758	3758	3758	3758	3758	1	0	3758	2				
Recording067	ProVisioNET_study_111_03	Female	Novice	snapshot_classroom_others	23	snapshot_classroom_others	Classroom_Others	0	0	0	0	0	0	0	0	0	0	0	0	0	0	0	0	0	0	0	0	0	0	0	0	0	0	0	0	0	0	0	0	0	0	0	0	0	0	0	0	0	0	0	0	0	0	0	0																																																	120	120	120	120	1	0	120	Classroom_Others	Classroom_Others	0				0			120	120	120	120	1	0	120	120	120	120	120	1	0	120	0				
Recording067	ProVisioNET_study_111_03	Female	Novice	snapshot_classroom_others	24	snapshot_classroom_others	Classroom_Others	0	0	0	0	0	0	0	0	0	0	0	0	0	0	0	0	0	0	0	0	0	0	0	0	0	0	0	0	0	0	0	0	0	0	0	0	0	0	0	0	0	0	0	0	0	0	0	0																																																	80	80	80	80	1	0	80	Classroom_Others	Classroom_Others	0				0			80	80	80	80	1	0	80	80	80	80	80	1	0	80	0				
Recording067	ProVisioNET_study_111_03	Female	Novice	snapshot_classroom_others	25	snapshot_classroom_others	Classroom_Others	0	0	0	0	0	0	0	0	0	0	0	0	0	0	0	0	0	0	0	0	0	0	0	0	0	0	0	0	0	0	0	0	0	0	0	0	0	0	0	0	0	0	0	0	0	0	0	0																																																	80	80	80	80	1	0	80	Classroom_Others	Classroom_Others	0				0			80	80	80	80	1	0	80	80	80	80	80	1	0	80	0				
Recording067	ProVisioNET_study_111_03	Female	Novice	snapshot_classroom_others	26	snapshot_classroom_others	Classroom_Others	0	0	0	0	0	0	0	0	0	0	0	0	0	0	0	0	0	0	0	0	0	0	0	0	0	0	0	0	0	0	0	0	0	0	0	0	0	0	0	0	0	0	0	0	0	0	0	0																																																	640	160	80	300	4	0	120	Classroom_Others	Classroom_Others	0				0			7256	7256	7256	7256	1	0	7256	7256	7256	7256	7256	1	0	7256	4				
Recording067	ProVisioNET_study_111_03	Female	Novice	snapshot_classroom_others	27	snapshot_classroom_others	Classroom_Others	0	0	0	0	0	0	0	0	0	0	0	0	0	0	0	0	0	0	0	0	0	0	0	0	0	0	0	0	0	0	0	0	0	0	0	0	0	0	0	0	0	0	0	0	0	0	0	0																																																	360	360	360	360	1	0	360	Classroom_Others	Classroom_Others	0				0			360	360	360	360	1	0	360	360	360	360	360	1	0	360	0				
Recording067	ProVisioNET_study_111_03	Female	Novice	snapshot_classroom_others	28	snapshot_classroom_others	Classroom_Others	0	0	0	0	0	0	0	0	0	0	0	0	0	0	0	0	0	0	0	0	0	0	0	0	0	0	0	0	0	0	0	0	0	0	0	0	0	0	0	0	0	0	0	0	0	0	0	0																																																	260	260	260	260	1	0	260	Classroom_Others	Classroom_Others	0				0			260	260	260	260	1	0	260	260	260	260	260	1	0	260	0				
Recording067	ProVisioNET_study_111_03	Female	Novice	snapshot_classroom_others	29	snapshot_classroom_others	Classroom_Others	0	0	0	0	0	0	0	0	0	0	0	0	0	0	0	0	0	0	0	0	0	0	0	0	0	0	0	0	0	0	0	0	0	0	0	0	0	0	0	0	0	0	0	0	0	0	0	0																																																	500	167	120	200	3	160	120	Classroom_Others	Classroom_Others	0				0			4517	4517	4517	4517	1	0	4517	4517	4517	4517	4517	1	0	4517	4				
Recording067	ProVisioNET_study_111_03	Female	Novice	snapshot_classroom_others	30	snapshot_classroom_others	Classroom_Others	0	0	0	0	0	0	0	0	0	0	0	0	0	0	0	0	0	0	0	0	0	0	0	0	0	0	0	0	0	0	0	0	0	0	0	0	0	0	0	0	0	0	0	0	0	0	0	0																																																	460	115	80	180	4	0	100	Classroom_Others		0				0			3838	3838	3838	3838	1	0	3838	3838	3838	3838	3838	1	0	3838	2				
Recording067	ProVisioNET_study_111_03	Female	Novice	snapshot_classroom_others	31	snapshot_classroom_others	Classroom_Others	0	0	0	0	0	0	0	0	0	0	0	0	0	0	0	0	0	0	0	0	0	0	0	0	0	0	0	0	0	0	0	0	0	0	0	0	0	0	0	0	0	0	0	0	0	0	0	0																																																	200	200	200	200	1	0	200	Classroom_Others	Classroom_Others	0				0			200	200	200	200	1	0	200	200	200	200	200	1	0	200	0				
Recording067	ProVisioNET_study_111_03	Female	Novice	snapshot_classroom_others	32	snapshot_classroom_others	Classroom_Others	0	0	0	0	0	0	0	0	0	0	0	0	0	0	0	0	0	0	0	0	0	0	0	0	0	0	0	0	0	0	0	0	0	0	0	0	0	0	0	0	0	0	0	0	0	0	0	0																																																	280	280	280	280	1	0	280	Classroom_Others	Classroom_Others	0				0			280	280	280	280	1	0	280	280	280	280	280	1	0	280	0				
Recording067	ProVisioNET_study_111_03	Female	Novice	snapshot_classroom_others	33	snapshot_classroom_others	Classroom_Others	0	0	0	0	0	0	0	0	0	0	0	0	0	0	0	0	0	0	0	0	0	0	0	0	0	0	0	0	0	0	0	0	0	0	0	0	0	0	0	0	0	0	0	0	0	0	0	0																																																	540	540	540	540	1	0	540	Classroom_Others	Classroom_Others	0				0			540	540	540	540	1	0	540	540	540	540	540	1	0	540	0				
Recording067	ProVisioNET_study_111_03	Female	Novice	snapshot_classroom_others	34	snapshot_classroom_others	Classroom_Others	0	0	0	0	0	0	0	0	0	0	0	0	0	0	0	0	0	0	0	0	0	0	0	0	0	0	0	0	0	0	0	0	0	0	0	0	0	0	0	0	0	0	0	0	0	0	0	0																																																	700	175	80	320	4	0	320	Classroom_Others	Classroom_Others	0				0			9954	9954	9954	9954	1	0	9954	9954	9954	9954	9954	1	0	9954	9				
Recording067	ProVisioNET_study_111_03	Female	Novice	snapshot_classroom_others	35	snapshot_classroom_others	Classroom_Others	0	0	0	0	0	0	0	0	0	0	0	0	0	0	0	0	0	0	0	0	0	0	0	0	0	0	0	0	0	0	0	0	0	0	0	0	0	0	0	0	0	0	0	0	0	0	0	0																																																	460	460	460	460	1	0	460	Classroom_Others	Classroom_Others	0				0			460	460	460	460	1	0	460	460	460	460	460	1	0	460	0				
Recording067	ProVisioNET_study_111_03	Female	Novice	snapshot_classroom_others	36	snapshot_classroom_others	Classroom_Others	0	0	0	0	0	0	0	0	0	0	0	1	1	0	0	0	0	0	0	0	0	0	0	0	0	0	0	0	0	0	0	0	0	0	1	0	0	0	0	0	0	0	0	0	0	0	0	0												16165	562																						12898														3018	216	80	1019	14	0	160	Classroom_Others	Classroom_Others	0				0			23726	23726	23726	23726	1	0	23726	23726	23726	23726	23726	1	0	23726	19				
Recording067	ProVisioNET_study_111_03	Female	Novice	snapshot_classroom_others	37	snapshot_classroom_others	Classroom_Others	0	0	0	0	0	0	0	0	0	0	1	0	0	0	0	0	0	0	0	0	0	0	0	0	0	0	0	0	0	0	0	0	0	0	0	0	0	0	0	0	0	0	0	0	0	0	0	0											1320																																						1499	1499	1499	1499	1	0	1499	Classroom_Others	Classroom_Others	0				0			1499	1499	1499	1499	1	0	1499	1499	1499	1499	1499	1	0	1499	0				
Recording067	ProVisioNET_study_111_03	Female	Novice	snapshot_classroom_others	38	snapshot_classroom_others	Classroom_Others	0	0	0	0	0	0	0	0	0	0	0	0	0	0	0	0	0	0	0	0	0	0	0	0	0	0	0	0	0	0	0	0	0	0	0	0	0	0	0	0	0	0	0	0	0	0	0	0																																																	340	340	340	340	1	0	340	Classroom_Others	Classroom_Others	0				0			340	340	340	340	1	0	340	340	340	340	340	1	0	340	0				
Recording067	ProVisioNET_study_111_03	Female	Novice	snapshot_classroom_others	39	snapshot_classroom_others	Classroom_Others	0	0	0	0	0	0	0	0	0	0	0	0	0	0	0	0	0	0	0	0	0	0	0	0	0	0	0	0	0	0	0	0	0	0	0	0	0	0	0	0	0	0	0	0	0	0	0	0																																																	200	200	200	200	1	0	200	Classroom_Others	Classroom_Others	0				0			200	200	200	200	1	0	200	200	200	200	200	1	0	200	0				
Recording067	ProVisioNET_study_111_03	Female	Novice	snapshot_classroom_others	40	snapshot_classroom_others	Classroom_Others	0	0	0	0	0	0	0	0	0	0	0	0	0	0	0	0	0	0	0	0	0	0	0	0	0	0	0	0	0	0	0	0	0	0	0	0	0	0	0	0	0	0	0	0	0	0	0	0																																																	260	260	260	260	1	0	260	Classroom_Others	Classroom_Others	0				0			260	260	260	260	1	0	260	260	260	260	260	1	0	260	0				
Recording067	ProVisioNET_study_111_03	Female	Novice	snapshot_classroom_others	41	snapshot_classroom_others	Classroom_Others	0	0	0	0	0	0	0	0	0	0	0	0	0	0	0	0	0	0	0	0	0	0	0	0	0	0	0	0	0	0	0	0	0	0	0	0	0	0	0	0	0	0	0	0	0	0	0	0																																																	260	260	260	260	1	0	260	Classroom_Others	Classroom_Others	0				0			260	260	260	260	1	0	260	260	260	260	260	1	0	260	0				
Recording067	ProVisioNET_study_111_03	Female	Novice	snapshot_classroom_others	42	snapshot_classroom_others	Classroom_Others	0	0	0	0	0	0	0	0	0	0	0	0	0	0	0	0	0	0	0	0	0	0	0	0	0	0	0	0	0	0	0	0	0	0	0	0	0	0	0	0	0	0	0	0	0	0	0	0																																																	100	100	100	100	1	0	100	Classroom_Others	Classroom_Others	0				0			100	100	100	100	1	0	100	100	100	100	100	1	0	100	0				
Recording067	ProVisioNET_study_111_03	Female	Novice	snapshot_classroom_others	43	snapshot_classroom_others	Classroom_Others	0	0	0	0	0	0	0	0	0	0	0	0	0	1	0	0	0	0	0	0	0	0	0	0	0	0	0	0	0	0	0	0	0	0	0	0	0	0	0	0	0	0	0	0	0	0	0	0														789																																			400	100	80	140	4	0	140	Classroom_Others	Classroom_Others	0				0			3138	3138	3138	3138	1	0	3138	3138	3138	3138	3138	1	0	3138	2				
Recording067	ProVisioNET_study_111_03	Female	Novice	snapshot_classroom_others	44	snapshot_classroom_others	Classroom_Others	0	0	0	0	0	0	0	0	0	0	0	0	0	0	0	0	0	0	0	0	0	0	0	0	0	0	0	0	0	0	0	0	0	0	0	0	0	0	0	0	0	0	0	0	0	0	0	0																																																	640	160	80	360	4	0	80	Classroom_Others	Classroom_Others	0				0			4058	4058	4058	4058	1	0	4058	4058	4058	4058	4058	1	0	4058	4				
Recording067	ProVisioNET_study_111_03	Female	Novice	snapshot_classroom_others	45	snapshot_classroom_others	Classroom_Others	0	0	0	0	0	0	0	0	0	0	0	0	0	0	0	0	0	0	0	0	0	0	0	0	0	0	0	0	0	0	0	0	0	0	0	0	0	0	0	0	0	0	0	0	0	0	0	0																																																	1719	215	80	680	8	0	300	Classroom_Others	Classroom_Others	0				0			5517	5517	5517	5517	1	0	5517	5517	5517	5517	5517	1	0	5517	7				
Recording067	ProVisioNET_study_111_03	Female	Novice	snapshot_classroom_others	46	snapshot_classroom_others	Classroom_Others	0	0	0	0	0	0	0	0	0	0	0	0	0	0	0	0	0	0	0	0	0	0	0	0	0	0	0	0	0	0	0	0	0	0	0	0	0	0	0	0	0	0	0	0	0	0	0	0																																																	120	120	120	120	1	0	120	Classroom_Others	Classroom_Others	0				0			120	120	120	120	1	0	120	120	120	120	120	1	0	120	0				
Recording067	ProVisioNET_study_111_03	Female	Novice	snapshot_classroom_others	47	snapshot_classroom_others	Classroom_Others	0	0	0	0	0	0	0	0	0	0	0	0	0	0	0	0	0	0	0	0	0	0	0	0	0	0	0	0	0	0	0	0	1	0	0	0	0	0	0	0	0	0	0	0	0	0	0	0																																	1183																1819	182	80	480	10	0	100	Classroom_Others	Classroom_Others	0				0			8255	8255	8255	8255	1	0	8255	8255	8255	8255	8255	1	0	8255	9				
Recording067	ProVisioNET_study_111_03	Female	Novice	snapshot_classroom_others	48	snapshot_classroom_others	Classroom_Others	0	0	0	0	0	0	0	0	0	0	0	0	0	0	0	0	0	0	0	0	0	0	0	0	0	0	0	0	0	0	0	0	0	0	0	0	0	0	0	0	0	0	0	0	0	0	0	0																																																	480	480	480	480	1	0	480	Classroom_Others	Classroom_Others	0				0			480	480	480	480	1	0	480	480	480	480	480	1	0	480	0				
Recording067	ProVisioNET_study_111_03	Female	Novice	snapshot_classroom_others	49	snapshot_classroom_others	Classroom_Others	0	0	0	0	0	0	0	0	0	0	0	0	0	0	0	0	0	0	0	0	0	0	0	0	0	0	0	0	0	0	0	0	0	0	0	0	0	0	0	0	0	0	0	0	0	0	0	0																																																	320	160	160	160	2	0	160	Classroom_Others	Classroom_Others	0				0			760	760	760	760	1	0	760	760	760	760	760	1	0	760	0				
Recording067	ProVisioNET_study_111_03	Female	Novice	snapshot_classroom_others	50	snapshot_classroom_others	Classroom_Others	0	0	0	0	0	0	0	0	0	0	0	0	0	0	0	0	0	0	0	0	0	0	0	0	0	0	0	0	0	0	0	0	0	0	0	0	0	0	0	0	0	0	0	0	0	0	0	0																																																	140	140	140	140	1	0	140	Classroom_Others	Classroom_Others	0				0			140	140	140	140	1	0	140	140	140	140	140	1	0	140	0				
Recording067	ProVisioNET_study_111_03	Female	Novice	snapshot_classroom_others	51	snapshot_classroom_others	Classroom_Others	0	0	0	0	0	0	0	0	0	0	0	0	0	0	0	0	0	0	0	0	0	0	0	0	0	0	0	0	0	0	0	0	0	0	0	0	0	0	0	0	0	0	0	0	0	0	0	0																																																	120	120	120	120	1	0	120	Classroom_Others	Classroom_Others	0				0			120	120	120	120	1	0	120	120	120	120	120	1	0	120	0				
Recording067	ProVisioNET_study_111_03	Female	Novice	snapshot_classroom_others	52	snapshot_classroom_others	Classroom_Others	0	0	0	0	0	0	0	0	0	0	0	0	0	0	0	0	0	0	0	0	0	0	0	0	0	0	0	0	0	0	0	0	0	0	0	0	0	0	0	0	0	0	0	0	0	0	0	0																																																	1219	406	80	979	3	0	979	Classroom_Others	Classroom_Others	0				0			2698	2698	2698	2698	1	0	2698	2698	2698	2698	2698	1	0	2698	1				
Recording067	ProVisioNET_study_111_03	Female	Novice	snapshot_classroom_others	53	snapshot_classroom_others	Classroom_Others	0	0	0	0	0	0	0	0	0	0	0	0	0	0	0	0	0	0	0	0	0	0	0	0	0	0	0	0	0	0	0	0	0	0	0	0	0	0	0	0	0	0	0	0	0	0	0	0																																																	1199	1199	1199	1199	1	0	1199	Classroom_Others	Classroom_Others	0				0			1199	1199	1199	1199	1	0	1199	1199	1199	1199	1199	1	0	1199	0				
Recording067	ProVisioNET_study_111_03	Female	Novice	snapshot_classroom_others	54	snapshot_classroom_others	Classroom_Others	0	0	0	0	0	0	0	0	0	0	0	0	0	0	0	0	0	0	0	0	0	0	0	0	0	0	0	0	0	0	0	0	0	0	0	0	0	0	0	0	0	0	0	0	0	0	0	0																																																	340	170	80	260	2	0	80	Classroom_Others	Classroom_Others	0				0			1159	1159	1159	1159	1	0	1159	1159	1159	1159	1159	1	0	1159	1				
Recording067	ProVisioNET_study_111_03	Female	Novice	snapshot_classroom_others	55	snapshot_classroom_others	Classroom_Others	0	0	0	0	0	0	0	0	0	0	0	0	0	0	0	0	0	0	0	0	0	0	0	0	0	0	0	0	0	0	0	0	0	0	0	0	0	0	0	0	0	0	0	0	0	0	0	0																																																	160	160	160	160	1	0	160	Classroom_Others	Classroom_Others	0				0			160	160	160	160	1	0	160	160	160	160	160	1	0	160	0				
Recording067	ProVisioNET_study_111_03	Female	Novice	snapshot_classroom_others	56	snapshot_classroom_others	Classroom_Others	0	0	0	0	0	0	0	0	0	0	0	0	0	0	0	0	0	0	0	0	0	0	0	0	0	0	0	0	0	0	0	0	0	0	0	0	0	0	0	0	0	0	0	0	0	0	0	0																																																	260	130	100	160	2	0	160	Classroom_Others	Classroom_Others	0				0			1739	1739	1739	1739	1	0	1739	1739	1739	1739	1739	1	0	1739	4				
Recording067	ProVisioNET_study_111_03	Female	Novice	snapshot_classroom_others	57	snapshot_classroom_others	Classroom_Others	0	0	0	0	0	0	0	0	0	0	0	0	0	0	0	0	0	0	0	0	0	0	0	0	0	0	0	0	0	0	0	0	0	0	0	0	0	0	0	0	0	0	0	0	0	0	0	0																																																	320	160	160	160	2	0	160	Classroom_Others	Classroom_Others	0				0			1619	1619	1619	1619	1	0	1619	1619	1619	1619	1619	1	0	1619	0				
Recording067	ProVisioNET_study_111_03	Female	Novice	snapshot_classroom_others	58	snapshot_classroom_others	Classroom_Others	0	0	0	0	0	0	0	1	0	0	0	0	0	0	0	0	0	0	0	0	0	0	0	0	0	0	0	0	0	0	0	0	0	0	0	0	0	0	0	0	0	0	0	0	0	0	0	0								174																																									1459	243	80	820	6	0	80	Classroom_Others	Classroom_Others	0				0			7436	7436	7436	7436	1	0	7436	7436	7436	7436	7436	1	0	7436	6				
Recording067	ProVisioNET_study_111_03	Female	Novice	snapshot_classroom_others	59	snapshot_classroom_others	Classroom_Others	0	0	0	0	0	0	0	0	0	0	0	0	0	0	0	0	0	0	0	0	0	0	0	0	0	0	0	0	0	0	0	0	0	0	0	0	0	0	0	0	0	0	0	0	0	0	0	0																																																	300	150	120	180	2	0	180	Classroom_Others	Classroom_Others	0				0			1599	1599	1599	1599	1	0	1599	1599	1599	1599	1599	1	0	1599	3				
Recording067	ProVisioNET_study_111_03	Female	Novice	snapshot_classroom_others	60	snapshot_classroom_others	Classroom_Others	0	0	0	0	0	0	0	0	0	0	0	0	0	0	0	0	0	0	0	0	0	0	0	0	0	0	0	0	0	0	0	0	0	0	0	0	0	0	0	0	0	0	0	0	0	0	0	0																																																	160	160	160	160	1	0	160	Classroom_Others	Classroom_Others	0				0			160	160	160	160	1	0	160	160	160	160	160	1	0	160	0				
Recording067	ProVisioNET_study_111_03	Female	Novice	snapshot_classroom_others	61	snapshot_classroom_others	Classroom_Others	0	0	0	0	0	0	0	0	0	0	0	0	0	0	0	0	0	0	0	0	0	0	0	0	0	0	0	0	0	0	0	0	0	0	0	0	0	0	0	0	0	0	0	0	0	0	0	0																																																	260	130	120	140	2	0	120	Classroom_Others	Classroom_Others	0				0			2339	2339	2339	2339	1	0	2339	2339	2339	2339	2339	1	0	2339	1				
Recording067	ProVisioNET_study_111_03	Female	Novice	snapshot_classroom_others	62	snapshot_classroom_others	Classroom_Others	0	0	0	0	0	0	0	0	0	0	0	0	0	0	0	0	0	0	0	0	0	0	0	0	0	0	0	0	0	0	0	0	0	0	0	0	0	0	0	0	0	0	0	0	0	0	0	0																																																	11893	410	80	2818	29	0	140	Classroom_Others	Classroom_Others	0				0			37977	37977	37977	37977	1	0	37977	37977	37977	37977	37977	1	0	37977	26				
Recording067	ProVisioNET_study_111_03	Female	Novice	snapshot_classroom_others	63	snapshot_classroom_others	Classroom_Others	0	0	0	0	0	0	0	0	0	0	0	0	0	0	0	0	0	0	0	0	0	0	0	0	0	0	0	0	0	0	0	0	0	0	0	0	0	0	0	0	0	0	0	0	0	0	0	0																																																	420	210	120	300	2	0	300	Classroom_Others		0				0			700	700	700	700	1	0	700	700	700	700	700	1	0	700	0				
Recording067	ProVisioNET_study_111_03	Female	Novice	snapshot_classroom_others	64	snapshot_classroom_others	Classroom_Others	0	0	0	0	0	0	0	0	0	0	0	0	0	0	0	0	0	0	0	0	0	0	0	0	0	0	0	0	0	0	0	0	0	0	0	0	0	0	0	0	0	0	0	0	0	0	0	0																																																	1759	160	80	520	11	0	80	Classroom_Others	Classroom_Others	0				0			6296	6296	6296	6296	1	0	6296	6296	6296	6296	6296	1	0	6296	1				
Recording067	ProVisioNET_study_111_03	Female	Novice	snapshot_classroom_others	65	snapshot_classroom_others	Classroom_Others	0	0	0	0	0	0	0	0	0	0	0	0	0	0	0	0	0	0	0	0	0	0	0	0	0	0	0	0	0	0	0	0	0	0	0	0	0	0	0	0	0	0	0	0	0	0	0	0																																																	80	80	80	80	1	0	80	Classroom_Others	Classroom_Others	0				0			80	80	80	80	1	0	80	80	80	80	80	1	0	80	0				
Recording067	ProVisioNET_study_111_03	Female	Novice	snapshot_disruptive_person	1	snapshot_disruptive_person	Disruptive_Person	0	0	0	0	0	0	0	0	0	0	0	0	0	0	0	0	0	0	0	0	0	0	0	0	0	0	0	0	0	0	0	0	0	0	0	0	0	0	0	0	1	0	0	0	0	0	0	0																																									13								580	580	580	580	1	0	580	Disruptive_Person	Disruptive_Person	0				0			580	580	580	580	1	0	580	580	580	580	580	1	0	580	0				
Recording067	ProVisioNET_study_111_03	Female	Novice	snapshot_disruptive_person	2	snapshot_disruptive_person	Disruptive_Person	0	0	0	0	0	0	0	0	0	0	0	0	0	0	0	0	0	0	0	0	0	1	0	0	0	0	0	0	0	0	0	0	0	0	0	0	0	1	0	0	0	0	0	0	0	0	0	0																						665																2968											3398	425	80	1159	8	0	1159	Disruptive_Person	Disruptive_Person	0				0			4158	4158	4158	4158	1	0	4158	4158	4158	4158	4158	1	0	4158	6				
Recording067	ProVisioNET_study_111_03	Female	Novice	snapshot_disruptive_person	3	snapshot_disruptive_person	Disruptive_Person	0	0	0	0	0	0	0	0	0	0	0	0	0	0	0	0	0	0	0	0	0	0	0	1	0	0	0	0	0	0	0	0	0	0	0	0	0	0	0	0	0	0	0	0	0	0	0	0																								3795																									3238	405	160	1039	8	0	1039	Disruptive_Person	Disruptive_Person	0				0			4657	4657	4657	4657	1	0	4657	4657	4657	4657	4657	1	0	4657	5				
Recording067	ProVisioNET_study_111_03	Female	Novice	snapshot_disruptive_person	4	snapshot_disruptive_person	Disruptive_Person	0	0	0	0	0	0	0	0	0	0	0	0	0	0	0	0	0	1	1	0	0	0	0	0	0	0	0	0	0	0	0	0	0	0	0	0	1	0	0	0	0	0	0	0	0	0	0	0																		5764	1595																		4459												5417	1354	500	2199	4	0	2019	Disruptive_Person	Disruptive_Person	0				0			6376	6376	6376	6376	1	0	6376	6376	6376	6376	6376	1	0	6376	2				
Recording067	ProVisioNET_study_111_03	Female	Novice	snapshot_disruptive_person	5	snapshot_disruptive_person	Disruptive_Person	0	0	0	0	0	0	0	0	0	0	0	0	0	0	0	0	0	0	0	0	0	0	0	0	0	0	0	0	0	0	0	0	0	0	0	0	0	0	0	0	0	1	0	0	0	0	1	0																																										3372					5130		3258	407	80	899	8	40	899	Disruptive_Person	Disruptive_Person	899	899	899	899	1	40	899	5277	5277	5277	5277	1	0	5277	5277	5277	5277	5277	1	0	5277	4				
Recording067	ProVisioNET_study_111_03	Female	Novice	snapshot_disruptive_person	6	snapshot_disruptive_person	Disruptive_Person	0	0	0	0	0	0	0	0	0	0	0	0	0	0	0	0	0	0	0	0	0	0	0	0	0	0	0	0	0	0	0	0	0	0	0	0	0	0	0	0	0	0	0	0	0	0	0	0																																																	760	760	760	760	1	0	760	Disruptive_Person	Disruptive_Person	0				0			760	760	760	760	1	0	760	760	760	760	760	1	0	760	0				
Recording067	ProVisioNET_study_111_03	Female	Novice	snapshot_disruptive_person	7	snapshot_disruptive_person	Disruptive_Person	0	0	0	0	0	0	0	0	0	0	0	1	0	0	0	0	0	0	0	0	0	0	0	0	0	0	0	0	0	0	0	0	0	0	1	0	0	0	0	0	0	0	0	0	0	0	0	0												3932																							665														3098	387	140	680	8	0	680	Disruptive_Person		0				0			4257	4257	4257	4257	1	0	4257	4257	4257	4257	4257	1	0	4257	5				
Recording067	ProVisioNET_study_111_03	Female	Novice	snapshot_disruptive_person	8	snapshot_disruptive_person	Disruptive_Person	0	0	0	0	0	0	0	0	0	0	0	0	0	0	0	0	0	0	0	0	0	0	0	0	0	0	0	0	0	0	0	0	0	0	0	1	0	0	0	0	0	0	0	0	0	0	0	0																																				999													2718	906	460	1419	3	0	839	Disruptive_Person	Disruptive_Person	0				0			3238	3238	3238	3238	1	0	3238	3238	3238	3238	3238	1	0	3238	2				
Recording067	ProVisioNET_study_111_03	Female	Novice	snapshot_disruptive_person	9	snapshot_disruptive_person	Disruptive_Person	0	0	0	0	0	0	0	0	0	0	0	0	0	0	0	0	0	0	0	0	0	0	0	0	0	0	0	0	0	0	0	0	0	0	0	0	0	0	0	0	0	0	0	0	0	0	0	0																																																	220	220	220	220	1	0	220	Disruptive_Person	Disruptive_Person	0				0			220	220	220	220	1	0	220	220	220	220	220	1	0	220	0				
Recording067	ProVisioNET_study_111_03	Female	Novice	snapshot_disruptive_person	10	snapshot_disruptive_person	Disruptive_Person	0	0	0	0	0	0	0	0	0	0	0	0	0	0	0	0	0	0	0	0	0	0	0	0	0	0	0	0	0	0	0	0	0	0	0	0	0	0	0	0	0	0	0	0	0	0	0	0																																																	640	640	640	640	1	0	640	Disruptive_Person	Disruptive_Person	0				0			640	640	640	640	1	0	640	640	640	640	640	1	0	640	0				
Recording067	ProVisioNET_study_111_03	Female	Novice	snapshot_material_teacher	1	snapshot_material_teacher	Material_Teacher	0	0	0	0	0	0	0	0	0	0	0	0	0	0	0	0	0	0	0	0	0	0	0	0	0	0	0	0	0	0	0	0	0	0	0	0	0	0	0	0	0	0	0	0	0	0	0	0																																																	340	340	340	340	1	0	340	Material_Teacher	Material_Teacher	0				0			340	340	340	340	1	0	340	340	340	340	340	1	0	340	0				
Recording067	ProVisioNET_study_111_03	Female	Novice	snapshot_material_teacher	2	snapshot_material_teacher	Material_Teacher	0	0	0	0	0	0	0	0	0	0	0	0	0	0	0	0	0	0	0	0	0	0	0	0	0	0	0	0	0	0	0	0	0	0	0	0	0	0	0	0	0	0	0	0	0	0	0	0																																																	300	300	300	300	1	0	300	Material_Teacher	Material_Teacher	0				0			300	300	300	300	1	0	300	300	300	300	300	1	0	300	0				
Recording067	ProVisioNET_study_111_03	Female	Novice	snapshot_material_teacher	3	snapshot_material_teacher	Material_Teacher	0	0	0	0	0	0	0	0	0	0	0	0	0	0	0	0	0	0	0	0	0	0	0	0	0	0	0	0	0	0	0	0	0	0	0	0	0	0	0	0	0	0	0	0	0	0	0	0																																																	3638	404	100	939	9	0	180	Material_Teacher		0				0			11553	11553	11553	11553	1	0	11553	11553	11553	11553	11553	1	0	11553	10				
Recording067	ProVisioNET_study_111_03	Female	Novice	snapshot_material_teacher	4	snapshot_material_teacher	Material_Teacher	0	0	0	0	0	0	0	0	0	0	0	0	0	0	0	0	0	0	0	0	0	0	0	0	0	0	0	0	0	0	0	0	0	0	0	0	0	0	0	0	0	0	0	0	0	0	0	0																																																	260	260	260	260	1	0	260	Material_Teacher	Material_Teacher	0				0			260	260	260	260	1	0	260	260	260	260	260	1	0	260	0				
Recording067	ProVisioNET_study_111_03	Female	Novice	snapshot_material_teacher	5	snapshot_material_teacher	Material_Teacher	0	0	0	0	0	0	0	0	0	0	0	0	0	0	0	0	0	0	0	0	0	0	0	0	0	0	0	0	0	0	0	0	0	0	0	0	0	0	0	0	0	0	0	0	0	0	0	0																																																	4757	396	160	1019	12	0	400	Material_Teacher	Material_Teacher	0				0			10054	10054	10054	10054	1	0	10054	10054	10054	10054	10054	1	0	10054	7				
Recording067	ProVisioNET_study_111_03	Female	Novice	snapshot_material_teacher	6	snapshot_material_teacher	Material_Teacher	0	0	0	0	0	0	0	0	0	0	0	0	0	0	0	0	0	0	0	0	0	0	0	0	0	0	0	0	0	0	0	0	0	0	0	0	0	0	0	0	0	0	0	0	0	0	0	0																																																	160	160	160	160	1	0	160	Material_Teacher	Material_Teacher	0				0			160	160	160	160	1	0	160	160	160	160	160	1	0	160	0				
Recording067	ProVisioNET_study_111_03	Female	Novice	snapshot_material_teacher	7	snapshot_material_teacher	Material_Teacher	0	0	0	0	0	0	0	0	0	0	0	0	0	0	0	0	0	0	0	0	0	0	0	0	0	0	0	0	0	0	0	0	0	0	0	0	0	0	0	0	0	0	0	0	0	0	0	0																																																	460	230	160	300	2	0	300	Material_Teacher	Material_Teacher	0				0			620	620	620	620	1	0	620	620	620	620	620	1	0	620	0				
Recording067	ProVisioNET_study_111_03	Female	Novice	snapshot_material_teacher	8	snapshot_material_teacher	Material_Teacher	0	0	0	0	0	0	0	0	0	0	0	0	0	0	0	0	0	0	0	0	0	0	0	0	0	0	0	0	0	0	0	0	0	0	0	0	0	0	0	0	0	0	0	0	0	0	0	0																																																	1139	570	100	1039	2	0	100	Material_Teacher	Material_Teacher	0				0			1159	1159	1159	1159	1	0	1159	1159	1159	1159	1159	1	0	1159	0				
Recording067	ProVisioNET_study_111_03	Female	Novice	snapshot_material_teacher	9	snapshot_material_teacher	Material_Teacher	0	0	0	0	0	0	0	0	0	0	0	0	0	0	0	0	0	0	0	0	0	0	0	0	0	0	0	0	0	0	0	0	0	0	0	0	0	0	0	0	0	0	0	0	0	0	0	0																																																	11653	555	80	2039	21	0	200	Material_Teacher	Material_Teacher	0				0			27104	27104	27104	27104	1	0	27104	27104	27104	27104	27104	1	0	27104	15				
Recording067	ProVisioNET_study_111_03	Female	Novice	snapshot_material_teacher	10	snapshot_material_teacher	Material_Teacher	0	0	0	0	0	0	0	0	0	0	0	0	0	0	0	0	0	0	0	0	0	0	0	0	0	0	0	0	0	0	0	0	0	0	0	0	0	0	0	0	0	0	0	0	0	0	0	0																																																	1019	340	320	360	3	0	320	Material_Teacher		0				0			1179	1179	1179	1179	1	0	1179	1179	1179	1179	1179	1	0	1179	1				
Recording067	ProVisioNET_study_111_03	Female	Novice	snapshot_material_teacher	11	snapshot_material_teacher	Material_Teacher	0	0	0	0	0	0	0	0	0	0	0	0	0	0	0	0	0	0	0	0	0	0	0	0	0	0	0	0	0	0	0	0	0	0	0	0	0	0	0	0	0	0	0	0	0	0	0	0																																																	520	173	80	280	3	0	280	Material_Teacher	Material_Teacher	0				0			560	560	560	560	1	0	560	560	560	560	560	1	0	560	2				
Recording067	ProVisioNET_study_111_03	Female	Novice	snapshot_material_teacher	12	snapshot_material_teacher	Material_Teacher	0	0	0	0	0	0	0	0	0	0	0	0	0	0	0	0	0	0	0	0	0	0	0	0	0	0	0	0	0	0	0	0	0	0	0	0	0	0	0	0	0	0	0	0	0	0	0	0																																																	320	320	320	320	1	0	320	Material_Teacher	Material_Teacher	0				0			320	320	320	320	1	0	320	320	320	320	320	1	0	320	0				
Recording067	ProVisioNET_study_111_03	Female	Novice	snapshot_material_teacher	13	snapshot_material_teacher	Material_Teacher	0	0	0	0	0	0	0	0	0	0	0	0	0	0	0	0	0	0	0	0	0	0	0	0	1	0	0	0	0	0	0	0	0	0	0	0	0	0	0	0	0	0	0	0	0	0	0	0																									2928																								2598	520	240	919	5	40	240	Material_Teacher	Material_Teacher	0				0			3378	3378	3378	3378	1	0	3378	3378	3378	3378	3378	1	0	3378	3				
Recording067	ProVisioNET_study_111_03	Female	Novice	snapshot_material_teacher	14	snapshot_material_teacher	Material_Teacher	0	0	0	0	0	0	0	0	0	0	0	0	0	0	0	0	0	0	0	0	0	0	0	0	0	0	0	0	0	0	0	0	0	0	0	0	0	0	0	0	0	0	0	0	0	0	0	0																																																	979	245	80	360	4	40	360	Material_Teacher	Material_Teacher	0				0			6156	6156	6156	6156	1	0	6156	6156	6156	6156	6156	1	0	6156	2				
Recording067	ProVisioNET_study_111_03	Female	Novice	snapshot_material_teacher	15	snapshot_material_teacher	Material_Teacher	0	0	0	0	0	0	0	0	0	0	0	0	0	0	0	0	0	0	0	0	0	0	0	0	0	0	0	0	0	0	0	0	0	0	0	0	0	0	0	0	0	0	0	0	0	0	0	0																																																	580	193	80	280	3	0	220	Material_Teacher	Material_Teacher	0				0			800	800	800	800	1	0	800	800	800	800	800	1	0	800	1				
Recording067	ProVisioNET_study_111_03	Female	Novice	snapshot_material_teacher	16	snapshot_material_teacher	Material_Teacher	0	0	0	0	0	0	0	0	0	0	0	0	0	0	0	0	0	0	0	0	0	0	0	0	0	0	0	0	0	0	0	0	0	0	0	0	0	0	0	0	0	0	0	0	0	0	0	0																																																	3098	516	100	1659	6	0	100	Material_Teacher	Material_Teacher	0				0			4637	4637	4637	4637	1	0	4637	4637	4637	4637	4637	1	0	4637	3				
Recording067	ProVisioNET_study_111_03	Female	Novice	snapshot_material_teacher	17	snapshot_material_teacher	Material_Teacher	0	0	0	0	0	0	0	0	0	0	0	0	0	0	0	0	0	0	0	0	0	0	0	0	0	0	0	0	0	0	0	0	0	0	0	0	0	0	0	0	0	0	0	0	0	0	0	0																																																	1599	533	340	680	3	0	580	Material_Teacher	Material_Teacher	0				0			1859	1859	1859	1859	1	0	1859	1859	1859	1859	1859	1	0	1859	1				
Recording067	ProVisioNET_study_111_03	Female	Novice	snapshot_material_teacher	18	snapshot_material_teacher	Material_Teacher	0	0	0	0	0	0	0	0	0	0	0	0	0	0	0	0	0	0	0	0	0	0	0	0	0	0	0	0	0	0	0	0	0	0	0	0	0	0	0	0	0	0	0	0	0	0	0	0																																																	3618	452	120	1079	8	0	140	Material_Teacher	Material_Teacher	0				0			4058	4058	4058	4058	1	0	4058	4058	4058	4058	4058	1	0	4058	4				
Recording067	ProVisioNET_study_111_03	Female	Novice	snapshot_material_teacher	19	snapshot_material_teacher	Material_Teacher	0	0	0	0	0	0	0	0	0	0	0	0	0	0	0	0	0	0	0	0	0	0	0	0	0	0	0	0	0	0	0	0	0	0	0	0	0	0	0	0	0	0	0	0	0	0	0	0																																																	380	380	380	380	1	0	380	Material_Teacher	Material_Teacher	0				0			380	380	380	380	1	0	380	380	380	380	380	1	0	380	0				
Recording067	ProVisioNET_study_111_03	Female	Novice	snapshot_material_teacher	20	snapshot_material_teacher	Material_Teacher	0	0	0	0	0	0	0	0	0	0	0	0	0	0	0	0	0	0	0	0	0	0	0	0	0	0	0	0	0	0	0	0	0	0	0	0	0	0	0	0	0	0	0	0	0	0	0	0																																																	220	110	80	140	2	0	80	Material_Teacher		0				0			260	260	260	260	1	0	260	260	260	260	260	1	0	260	1				
Recording067	ProVisioNET_study_111_03	Female	Novice	snapshot_material_teacher	21	snapshot_material_teacher	Material_Teacher	0	0	0	0	0	0	0	0	0	0	0	0	0	0	0	0	0	0	0	0	0	0	0	0	0	0	0	0	0	0	0	0	0	0	0	0	0	0	0	0	0	0	0	0	0	0	0	0																																																	280	93	80	120	3	0	80	Material_Teacher	Material_Teacher	0				0			320	320	320	320	1	0	320	320	320	320	320	1	0	320	2				
Recording067	ProVisioNET_study_111_03	Female	Novice	snapshot_material_teacher	22	snapshot_material_teacher	Material_Teacher	0	0	0	0	0	0	0	0	0	1	0	0	0	0	0	0	0	0	0	0	0	0	0	0	0	0	0	0	0	0	0	0	0	0	0	0	0	0	0	0	0	0	0	0	0	0	0	0										9190																																							3198	355	80	1499	9	100	100	Material_Teacher	Material_Teacher	0				0			9414	9414	9414	9414	1	0	9414	9414	9414	9414	9414	1	0	9414	7				
Recording067	ProVisioNET_study_111_03	Female	Novice	snapshot_material_teacher	23	snapshot_material_teacher	Material_Teacher	0	0	0	0	0	0	0	0	0	0	0	0	0	0	0	0	0	0	0	0	0	0	0	0	0	0	0	0	0	0	0	0	0	0	0	0	0	0	0	0	0	0	0	0	0	0	0	0																																																	500	250	240	260	2	0	240	Material_Teacher	Material_Teacher	0				0			520	520	520	520	1	0	520	520	520	520	520	1	0	520	1				
Recording067	ProVisioNET_study_111_03	Female	Novice	snapshot_material_teacher	24	snapshot_material_teacher	Material_Teacher	0	0	0	0	0	0	0	0	0	0	0	0	0	0	0	0	0	0	0	0	0	0	0	0	0	0	0	0	0	0	0	0	0	0	0	0	0	0	0	0	0	0	0	0	0	0	0	0																																																	63962	576	80	2758	111	0	1239	Material_Teacher	Material_Teacher	0				0			89806	89806	89806	89806	1	0	89806	89806	89806	89806	89806	1	0	89806	106				
Recording067	ProVisioNET_study_111_03	Female	Novice	snapshot_material_teacher	25	snapshot_material_teacher	Material_Teacher	0	0	0	0	0	0	0	0	0	0	0	0	0	0	0	0	0	0	0	0	0	0	0	0	0	0	0	0	0	0	0	0	0	0	0	0	0	0	0	0	0	0	0	0	0	0	0	0																																																	5097	425	80	1039	12	0	140	Material_Teacher	Material_Teacher	0				0			8195	8195	8195	8195	1	0	8195	8195	8195	8195	8195	1	0	8195	8				
Recording067	ProVisioNET_study_111_03	Female	Novice	snapshot_students	1	snapshot_students	Anna	0	0	0	0	0	0	0	0	0	0	0	0	0	0	0	0	0	0	0	0	0	0	0	0	0	0	0	0	0	0	0	0	0	0	0	0	0	0	0	0	0	0	0	0	0	0	0	0																																																	3598	300	80	500	12	0	220	Carl(a)	Carl(a)	0				0			9175	4587	2838	6336	2	0	2838	9175	4587	2838	6336	2	0	2838	9				
Recording067	ProVisioNET_study_111_03	Female	Novice	snapshot_students	1	snapshot_students	Bianca	0	0	0	0	0	0	0	0	0	0	0	0	0	0	0	0	0	0	0	0	0	0	0	0	0	0	0	0	0	0	0	0	0	0	0	0	0	0	0	0	0	0	0	0	0	0	0	0																																																	2818	705	180	1339	4	11893	180	Carl(a)	Carl(a)	0				0			2958	2958	2958	2958	1	11893	2958	2958	2958	2958	2958	1	11893	2958	2				
Recording067	ProVisioNET_study_111_03	Female	Novice	snapshot_students	1	snapshot_students	Carl(a)	0	0	0	0	0	0	0	0	0	0	0	0	0	0	0	0	0	0	0	0	0	0	0	0	0	0	0	0	0	0	0	0	0	0	0	0	0	0	0	0	0	0	0	0	0	0	0	0																																																	5317	532	140	3378	10	3078	140	Carl(a)	Carl(a)	0				0			7636	3818	400	7236	2	3078	400	7636	3818	400	7236	2	3078	400	2				
Recording067	ProVisioNET_study_111_03	Female	Novice	snapshot_students	2	snapshot_students	Anna	0	0	0	0	0	0	0	0	0	0	0	0	0	0	0	0	0	0	0	0	0	0	0	0	0	0	0	0	0	0	0	0	0	0	0	0	0	0	0	0	0	0	0	0	0	0	0	0																																																	0				0			Bianca	Bianca	0				0			0				0			0				0			0				
Recording067	ProVisioNET_study_111_03	Female	Novice	snapshot_students	2	snapshot_students	Bianca	0	0	0	0	0	0	0	0	0	0	0	0	0	0	0	0	0	0	0	0	0	0	0	0	0	0	0	0	0	0	0	0	0	0	0	0	0	0	0	0	0	0	0	0	0	0	0	0																																																	160	160	160	160	1	0	160	Bianca	Bianca	0				0			160	160	160	160	1	0	160	160	160	160	160	1	0	160	0				
Recording067	ProVisioNET_study_111_03	Female	Novice	snapshot_students	2	snapshot_students	Carl(a)	0	0	0	0	0	0	0	0	0	0	0	0	0	0	0	0	0	0	0	0	0	0	0	0	0	0	0	0	0	0	0	0	0	0	0	0	0	0	0	0	0	0	0	0	0	0	0	0																																																	0				0			Bianca	Bianca	0				0			0				0			0				0			0				
Recording067	ProVisioNET_study_111_03	Female	Novice	snapshot_students	3	snapshot_students	Anna	0	0	0	0	0	0	0	0	0	0	0	0	0	0	0	0	0	0	0	0	0	0	0	0	0	0	0	0	0	0	0	0	0	0	0	0	0	0	0	0	0	0	0	0	0	0	0	0																																																	1539	257	160	360	6	1999	220	Bianca	Bianca	0				0			6676	3338	780	5897	2	1999	5897	6676	3338	780	5897	2	1999	5897	5	1959		374,56	
Recording067	ProVisioNET_study_111_03	Female	Novice	snapshot_students	3	snapshot_students	Bianca	0	0	0	0	0	0	0	0	0	0	0	0	0	0	0	0	0	0	0	0	0	0	0	0	0	0	0	0	0	0	0	0	0	0	0	0	0	0	0	0	0	0	0	0	0	0	0	0																																																	1099	275	120	420	4	0	120	Bianca	Bianca	0				0			2519	840	200	1959	3	0	1959	2519	840	200	1959	3	0	1959	0	11813	1959	262,45	374,56
Recording067	ProVisioNET_study_111_03	Female	Novice	snapshot_students	3	snapshot_students	Carl(a)	0	0	0	0	0	0	0	0	0	0	0	0	0	0	0	0	0	0	0	0	0	0	0	0	0	0	0	0	0	0	0	0	0	0	0	0	0	0	0	0	0	0	0	0	0	0	0	0																																																	0				0			Bianca	Bianca	0				0			0				0			0				0			0				
Recording067	ProVisioNET_study_111_03	Female	Novice	snapshot_students	4	snapshot_students	Anna	0	0	0	0	0	0	0	0	0	0	0	0	0	0	0	0	0	0	0	0	0	0	0	0	0	0	0	0	0	0	0	0	0	0	0	0	0	0	0	0	0	0	0	0	0	0	0	0																																																	840	280	120	400	3	720	400	Anna	Anna	0				0			840	280	120	400	3	720	400	840	280	120	400	3	720	400	0	1659		471,74	
Recording067	ProVisioNET_study_111_03	Female	Novice	snapshot_students	4	snapshot_students	Bianca	0	0	0	0	0	0	0	0	0	0	0	0	0	0	0	0	0	0	0	0	0	0	0	0	0	0	0	0	0	0	0	0	0	0	0	0	0	0	0	0	0	0	0	0	0	0	0	0																																																	999	200	80	300	5	0	220	Anna	Anna	0				0			1019	255	180	320	4	0	220	1019	255	180	320	4	0	220	1	2718	1659	515,29	471,74
Recording067	ProVisioNET_study_111_03	Female	Novice	snapshot_students	4	snapshot_students	Carl(a)	0	0	0	0	0	0	0	0	0	0	0	0	0	0	0	0	0	0	0	0	0	0	0	0	0	0	0	0	0	0	0	0	0	0	0	0	0	0	0	0	0	0	0	0	0	0	0	0																																																	220	220	220	220	1	2499	220	Anna	Anna	0				0			220	220	220	220	1	2499	220	220	220	220	220	1	2499	220	0	2459	2718	371,96	515,29
Recording067	ProVisioNET_study_111_03	Female	Novice	snapshot_students	5	snapshot_students	Anna	0	0	0	0	0	0	0	0	0	0	0	0	0	0	0	0	0	0	0	0	0	0	0	0	0	0	0	0	0	0	0	0	0	0	0	0	0	0	0	0	0	0	0	0	0	0	0	0																																																	1259	420	400	440	3	0	420	Anna	Anna	0				0			5357	5357	5357	5357	1	0	5357	5357	5357	5357	5357	1	0	5357	2				
Recording067	ProVisioNET_study_111_03	Female	Novice	snapshot_students	5	snapshot_students	Bianca	0	0	0	0	0	0	0	0	0	0	0	0	0	0	0	0	0	0	0	0	0	0	0	0	0	0	0	0	0	0	0	0	0	0	0	0	0	0	0	0	0	0	0	0	0	0	0	0																																																	0				0			Anna	Anna	0				0			0				0			0				0			0				
Recording067	ProVisioNET_study_111_03	Female	Novice	snapshot_students	5	snapshot_students	Carl(a)	0	0	0	0	0	0	0	0	0	0	0	0	0	0	0	0	0	0	0	0	0	0	0	0	0	0	0	0	0	0	0	0	0	0	0	0	0	0	0	0	0	0	0	0	0	0	0	0																																																	0				0			Anna	Anna	0				0			0				0			0				0			0				
Recording067	ProVisioNET_study_111_03	Female	Novice	snapshot_students	6	snapshot_students	Anna	0	0	0	0	0	0	0	0	0	0	0	0	0	0	0	0	0	0	0	0	0	0	0	0	0	0	0	0	0	0	0	0	0	0	0	0	0	0	0	0	0	0	0	0	0	0	0	0																																																	9954	343	80	820	29	0	240	Bianca	Bianca	0				0			28803	7201	400	19329	4	0	19329	28803	7201	400	19329	4	0	19329	18	58805	19329	449,2	383,75
Recording067	ProVisioNET_study_111_03	Female	Novice	snapshot_students	6	snapshot_students	Bianca	0	0	0	0	0	0	0	0	0	0	0	0	0	0	0	0	0	0	0	0	0	0	0	0	0	0	0	0	0	0	0	0	0	0	0	0	0	0	0	0	0	0	0	0	0	0	0	0																																																	10214	567	80	2279	18	19389	600	Bianca	Bianca	0				0			18189	2598	280	9894	7	19389	600	18189	2598	280	9894	7	19389	600	5	19329	58805	383,75	449,2
Recording067	ProVisioNET_study_111_03	Female	Novice	snapshot_students	6	snapshot_students	Carl(a)	0	0	0	0	0	0	0	0	0	0	0	0	0	0	0	0	0	0	0	0	0	0	0	0	0	0	0	0	0	0	0	0	0	0	0	0	0	0	0	0	0	0	0	0	0	0	0	0																																																	12633	702	80	2678	18	20588	340	Bianca	Bianca	0				0			18789	3758	240	14691	5	20588	14691	18789	3758	240	14691	5	20588	14691	9		62024		455,43
Recording067	ProVisioNET_study_111_03	Female	Novice	snapshot_students	7	snapshot_students	Anna	0	0	0	0	0	0	0	0	0	0	0	0	0	0	0	0	0	0	0	0	0	0	0	0	0	0	0	0	0	0	0	0	0	0	0	0	0	0	0	0	0	0	0	0	0	0	0	0																																																	0				0			Carl(a)	Carl(a)	0				0			0				0			0				0			0				
Recording067	ProVisioNET_study_111_03	Female	Novice	snapshot_students	7	snapshot_students	Bianca	0	0	0	0	0	0	0	0	0	0	0	0	0	0	0	0	0	0	0	0	0	0	0	0	0	0	0	0	0	0	0	0	0	0	0	0	0	0	0	0	0	0	0	0	0	0	0	0																																																	420	420	420	420	1	0	420	Carl(a)	Carl(a)	0				0			420	420	420	420	1	0	420	420	420	420	420	1	0	420	0				
Recording067	ProVisioNET_study_111_03	Female	Novice	snapshot_students	7	snapshot_students	Carl(a)	0	0	0	0	0	0	0	0	0	0	0	0	0	0	0	0	0	0	0	0	0	0	0	0	0	0	0	0	0	0	0	0	0	0	0	0	0	0	0	0	0	0	0	0	0	0	0	0																																																	360	120	80	180	3	1559	100	Carl(a)	Carl(a)	0				0			400	400	400	400	1	1559	400	400	400	400	400	1	1559	400	2				
Recording067	ProVisioNET_study_111_03	Female	Novice	snapshot_students	8	snapshot_students	Anna	0	0	0	0	0	0	0	0	0	0	0	0	0	0	0	0	0	0	0	0	0	0	0	0	0	0	0	0	0	0	0	0	0	0	0	0	0	0	0	0	1	0	0	0	1	0	0	0																																									17523				16647				2379	396	100	1079	6	4777	100	Anna	Anna	0				0			4537	1512	100	2718	3	4777	100	4537	1512	100	2718	3	4777	100	1				
Recording067	ProVisioNET_study_111_03	Female	Novice	snapshot_students	8	snapshot_students	Bianca	0	0	0	0	0	0	0	0	0	0	0	0	0	0	0	0	0	0	0	0	0	0	0	0	0	0	0	0	0	0	0	0	0	0	0	0	0	0	0	0	1	0	0	0	1	0	0	0																																									17523				16647				2658	266	80	500	10	0	80	Anna	Anna	0				0			5217	1043	80	3918	5	0	3918	5217	1043	80	3918	5	0	3918	2	10614	11133	527,34	603,56
Recording067	ProVisioNET_study_111_03	Female	Novice	snapshot_students	8	snapshot_students	Carl(a)	0	0	0	0	0	0	0	0	0	0	0	0	0	0	0	0	0	0	0	0	0	0	0	0	0	0	0	0	0	0	0	0	0	0	0	0	0	0	0	0	1	0	0	0	1	0	0	0																																									17523				16647				2678	268	160	460	10	8995	220	Anna	Anna	0				0			4178	1393	380	2179	3	8995	1619	4178	1393	380	2179	3	8995	1619	2	11133	10614	603,56	527,34
Recording067	ProVisioNET_study_111_03	Female	Novice	snapshot_students	9	snapshot_students	Anna	0	0	0	0	0	0	0	0	0	0	0	0	0	0	0	0	0	0	0	0	0	0	0	0	0	0	0	0	0	0	0	0	0	0	0	0	0	0	0	0	0	0	1	0	0	0	0	0																																											20762						5537	554	80	1759	10	0	1759	Carl(a)	Carl(a)	0				0			9534	3178	1479	6116	3	0	6116	9534	3178	1479	6116	3	0	6116	3	11833	24566	499,04	458,95
Recording067	ProVisioNET_study_111_03	Female	Novice	snapshot_students	9	snapshot_students	Bianca	0	0	0	0	0	0	0	0	0	0	0	0	0	0	0	0	0	0	0	0	0	0	0	0	0	0	0	0	0	0	0	0	0	0	0	0	0	0	0	0	0	0	1	0	0	0	0	0																																											20762						7116	339	80	1499	21	10374	100	Carl(a)	Carl(a)	0				0			20248	6749	1459	10294	3	10374	1459	20248	6749	1459	10294	3	10374	1459	23	24566	11833	458,95	499,04
Recording067	ProVisioNET_study_111_03	Female	Novice	snapshot_students	9	snapshot_students	Carl(a)	0	0	0	0	0	0	0	0	0	0	0	0	0	0	0	0	0	0	0	0	0	0	0	0	0	0	0	0	0	0	0	0	0	0	0	0	0	0	0	0	0	0	1	0	0	0	0	0																																											20762						919	306	260	380	3	9015	260	Carl(a)	Carl(a)	0				0			939	470	280	660	2	9015	660	939	470	280	660	2	9015	660	1				
Recording067	ProVisioNET_study_111_03	Female	Novice	snapshot_students	10	snapshot_students	Anna	0	0	0	0	0	0	0	0	0	0	0	0	0	0	0	0	0	0	0	0	0	0	0	0	0	0	0	0	0	0	0	0	0	0	0	0	0	0	0	0	0	0	0	0	0	0	0	0																																																	0				0			Bianca	Bianca	0				0			0				0			0				0			0				
Recording067	ProVisioNET_study_111_03	Female	Novice	snapshot_students	10	snapshot_students	Bianca	0	0	0	0	0	0	0	0	0	0	0	0	0	0	0	0	0	0	0	0	0	0	0	0	0	0	0	0	0	0	0	0	0	0	0	0	0	0	0	0	0	0	0	0	0	0	0	0																																																	1219	1219	1219	1219	1	760	1219	Bianca	Bianca	0				0			1219	1219	1219	1219	1	760	1219	1219	1219	1219	1219	1	760	1219	0				
Recording067	ProVisioNET_study_111_03	Female	Novice	snapshot_students	10	snapshot_students	Carl(a)	0	0	0	0	0	0	0	0	0	0	0	0	0	0	0	0	0	0	0	0	0	0	0	0	0	0	0	0	0	0	0	0	0	0	0	0	0	0	0	0	0	0	0	0	0	0	0	0																																																	380	380	380	380	1	0	380	Bianca	Bianca	0				0			380	380	380	380	1	0	380	380	380	380	380	1	0	380	0				
Recording067	ProVisioNET_study_111_03	Female	Novice	snapshot_students	11	snapshot_students	Anna	0	0	0	0	0	0	0	0	0	0	0	0	0	0	0	0	0	0	0	0	0	0	0	0	0	0	0	0	0	0	0	0	0	0	0	0	0	0	0	0	0	0	0	0	0	0	0	0																																																	180	180	180	180	1	4657	180	Anna	Anna	0				0			180	180	180	180	1	4657	180	180	180	180	180	1	4657	180	0	4637		170,78	
Recording067	ProVisioNET_study_111_03	Female	Novice	snapshot_students	11	snapshot_students	Bianca	0	0	0	0	0	0	0	0	0	0	0	0	0	0	0	0	0	0	0	0	0	0	0	0	0	0	0	0	0	0	0	0	0	0	0	0	0	0	0	0	0	0	0	0	0	0	0	0																																																	0				0			Anna	Anna	0				0			0				0			0				0			0				
Recording067	ProVisioNET_study_111_03	Female	Novice	snapshot_students	11	snapshot_students	Carl(a)	0	0	0	0	0	0	0	0	0	0	0	0	0	0	0	0	0	0	0	0	0	0	0	0	0	0	0	0	0	0	0	0	0	0	0	0	0	0	0	0	0	0	0	0	0	0	0	0																																																	360	360	360	360	1	0	360	Anna	Anna	0				0			360	360	360	360	1	0	360	360	360	360	360	1	0	360	0				
Recording067	ProVisioNET_study_111_03	Female	Novice	snapshot_students	12	snapshot_students	Anna	0	0	0	0	0	0	0	0	0	0	0	0	0	0	0	0	0	0	0	0	1	1	0	0	0	0	0	0	0	0	0	0	0	0	0	0	0	1	0	0	0	0	0	0	0	0	0	0																					5510	1924																4227											4537	412	120	1739	11	0	360	Carl(a)	Carl(a)	0				0			8055	2685	360	4917	3	0	360	8055	2685	360	4917	3	0	360	9				
Recording067	ProVisioNET_study_111_03	Female	Novice	snapshot_students	12	snapshot_students	Bianca	0	0	0	0	0	0	0	0	0	0	0	0	0	0	0	0	0	0	0	0	1	1	0	0	0	0	0	0	0	0	0	0	0	0	0	0	0	1	0	0	0	0	0	0	0	0	0	0																					5510	1924																4227											3398	425	80	1159	8	1259	1159	Carl(a)	Carl(a)	0				0			4158	4158	4158	4158	1	1259	4158	4158	4158	4158	4158	1	1259	4158	6				
Recording067	ProVisioNET_study_111_03	Female	Novice	snapshot_students	12	snapshot_students	Carl(a)	0	0	0	0	0	0	0	0	0	0	0	0	0	0	0	0	0	0	0	0	1	1	0	0	0	0	0	0	0	0	0	0	0	0	0	0	0	1	0	0	0	0	0	0	0	0	0	0																					5510	1924																4227											1359	340	220	440	4	9115	280	Carl(a)	Carl(a)	0				0			2439	813	220	1939	3	9115	280	2479	826	260	1939	3	9115	280	3	9095	15071	200,33	356,97
Recording067	ProVisioNET_study_111_03	Female	Novice	snapshot_students	13	snapshot_students	Anna	0	0	0	0	0	0	0	0	0	0	0	0	0	0	0	0	0	0	0	0	0	0	0	0	0	0	0	0	0	0	0	0	0	0	0	0	0	0	0	0	0	0	0	0	0	0	0	0																																																	640	320	300	340	2	939	340	Bianca	Bianca	0				0			640	320	300	340	2	939	340	640	320	300	340	2	939	340	0	879	4477	400,04	465,21
Recording067	ProVisioNET_study_111_03	Female	Novice	snapshot_students	13	snapshot_students	Bianca	0	0	0	0	0	0	0	0	0	0	0	0	0	0	0	0	0	0	0	0	0	0	0	0	0	0	0	0	0	0	0	0	0	0	0	0	0	0	0	0	0	0	0	0	0	0	0	0																																																	1799	360	120	680	5	0	520	Bianca	Bianca	0				0			1799	360	120	680	5	0	520	1799	360	120	680	5	0	520	0	3798	520	541,64	145,75
Recording067	ProVisioNET_study_111_03	Female	Novice	snapshot_students	13	snapshot_students	Carl(a)	0	0	0	0	0	0	0	0	0	0	0	0	0	0	0	0	0	0	0	0	0	0	0	0	0	0	0	0	0	0	0	0	0	0	0	0	0	0	0	0	0	0	0	0	0	0	0	0																																																	859	215	160	280	4	1719	240	Bianca	Bianca	0				0			1099	550	240	859	2	1719	240	1099	550	240	859	2	1719	240	1	1659	3798	452,25	541,64
Recording067	ProVisioNET_study_111_03	Female	Novice	snapshot_students	14	snapshot_students	Anna	0	0	0	0	0	0	0	0	0	0	0	0	0	0	0	0	0	0	0	0	0	0	0	1	1	0	0	0	0	0	0	0	0	0	0	0	0	0	1	0	0	0	0	0	0	0	0	0																								52866	48581														55568										9454	525	100	2938	18	520	740	Carl(a)	Carl(a)	0				0			11133	928	140	3538	12	520	1999	11133	928	140	3538	12	520	1999	6	460	34480	392,92	424,24
Recording067	ProVisioNET_study_111_03	Female	Novice	snapshot_students	14	snapshot_students	Bianca	0	0	0	0	0	0	0	0	0	0	0	0	0	0	0	0	0	0	0	0	0	0	0	1	1	0	0	0	0	0	0	0	0	0	0	0	0	0	1	0	0	0	0	0	0	0	0	0																								52866	48581														55568										8795	586	80	2159	15	0	80	Carl(a)	Carl(a)	0				0			10234	787	180	3778	13	0	460	10234	787	180	3778	13	0	460	1	4417	460	531,22	392,92
Recording067	ProVisioNET_study_111_03	Female	Novice	snapshot_students	14	snapshot_students	Carl(a)	0	0	0	0	0	0	0	0	0	0	0	0	0	0	0	0	0	0	0	0	0	0	0	1	1	0	0	0	0	0	0	0	0	0	0	0	0	0	1	0	0	0	0	0	0	0	0	0																								52866	48581														55568										10974	406	80	1279	27	9055	640	Carl(a)	Carl(a)	0				0			18689	1869	220	8935	10	9055	939	18689	1869	220	8935	10	9055	939	15	22407	44794	298,7	447,87
Recording067	ProVisioNET_study_111_03	Female	Novice	snapshot_students	15	snapshot_students	Anna	0	0	0	0	0	0	0	0	0	0	0	0	0	0	0	0	0	0	0	0	0	0	1	0	0	0	0	0	0	0	0	0	0	0	0	0	0	0	0	0	0	0	0	0	0	0	0	0																							3386																										6476	648	100	2658	10	0	140	Anna	Anna	0				0			11513	5757	2658	8855	2	0	8855	11513	5757	2658	8855	2	0	8855	9				
Recording067	ProVisioNET_study_111_03	Female	Novice	snapshot_students	15	snapshot_students	Bianca	0	0	0	0	0	0	0	0	0	0	0	0	0	0	0	0	0	0	0	0	0	0	1	0	0	0	0	0	0	0	0	0	0	0	0	0	0	0	0	0	0	0	0	0	0	0	0	0																							3386																										0				0			Anna	Anna	0				0			0				0			0				0			0				
Recording067	ProVisioNET_study_111_03	Female	Novice	snapshot_students	15	snapshot_students	Carl(a)	0	0	0	0	0	0	0	0	0	0	0	0	0	0	0	0	0	0	0	0	0	0	1	0	0	0	0	0	0	0	0	0	0	0	0	0	0	0	0	0	0	0	0	0	0	0	0	0																							3386																										540	540	540	540	1	9075	540	Anna	Anna	0				0			540	540	540	540	1	9075	540	540	540	540	540	1	9075	540	0				
Recording067	ProVisioNET_study_111_03	Female	Novice	snapshot_students	16	snapshot_students	Anna	0	0	0	0	0	0	0	0	0	0	0	0	0	0	0	0	1	1	1	0	0	0	0	0	0	0	0	0	0	0	0	0	0	0	0	0	1	0	0	0	0	0	0	0	0	0	0	0																	71071	45241	41071																		43936												23966	826	80	3978	29	400	200	Carl(a)	Carl(a)	0				0			37278	4142	200	12912	9	400	200	37318	4146	200	12912	9	400	200	13	340	600	517,33	479,63
Recording067	ProVisioNET_study_111_03	Female	Novice	snapshot_students	16	snapshot_students	Bianca	0	0	0	0	0	0	0	0	0	0	0	0	0	0	0	0	1	1	1	0	0	0	0	0	0	0	0	0	0	0	0	0	0	0	0	0	1	0	0	0	0	0	0	0	0	0	0	0																	71071	45241	41071																		43936												31801	883	80	4617	36	0	340	Carl(a)	Carl(a)	0				0			56606	6290	140	16830	9	0	340	56646	6294	140	16830	9	0	340	25	600	340	479,63	517,33
Recording067	ProVisioNET_study_111_03	Female	Novice	snapshot_students	16	snapshot_students	Carl(a)	0	0	0	0	0	0	0	0	0	0	0	0	0	0	0	0	1	1	1	0	0	0	0	0	0	0	0	0	0	0	0	0	0	0	0	0	1	0	0	0	0	0	0	0	0	0	0	0																	71071	45241	41071																		43936												4497	409	80	1019	11	19229	1019	Carl(a)	Carl(a)	0				0			4877	697	220	1479	7	19229	1019	4917	702	220	1479	7	19189	1059	1		39397		576,12
Recording067	ProVisioNET_study_111_03	Female	Novice	snapshot_students	17	snapshot_students	Anna	0	0	0	0	0	0	0	0	0	0	0	0	0	0	0	0	0	0	0	0	0	0	0	0	0	0	0	0	0	0	0	0	0	0	0	0	0	0	0	0	0	0	0	0	0	0	0	0																																																	0				0			Carl(a)		0				0			0				0			0				0			0				
Recording067	ProVisioNET_study_111_03	Female	Novice	snapshot_students	17	snapshot_students	Bianca	0	0	0	0	0	0	0	0	0	0	0	0	0	0	0	0	0	0	0	0	0	0	0	0	0	0	0	0	0	0	0	0	0	0	0	0	0	0	0	0	0	0	0	0	0	0	0	0																																																	440	220	180	260	2	5877	180	Carl(a)		0				0			460	460	460	460	1	5877	460	460	460	460	460	1	5877	460	1	5817	6336	603,96	555,19
Recording067	ProVisioNET_study_111_03	Female	Novice	snapshot_students	17	snapshot_students	Carl(a)	0	0	0	0	0	0	0	0	0	0	0	0	0	0	0	0	0	0	0	0	0	0	0	0	0	0	0	0	0	0	0	0	0	0	0	0	0	0	0	0	0	0	0	0	0	0	0	0																																																	1599	533	440	580	3	0	440	Carl(a)		0				0			6396	3198	580	5817	2	0	5817	6396	3198	580	5817	2	0	5817	6	6336	5817	555,19	603,96
Recording067	ProVisioNET_study_111_03	Female	Novice	snapshot_students	18	snapshot_students	Anna	0	0	0	0	0	0	0	0	0	0	0	0	0	0	0	0	0	0	0	0	0	0	0	0	0	0	0	0	0	0	0	0	0	0	0	0	0	0	0	0	0	1	0	0	0	1	1	1																																										4931				31128	6689	1128	12073	755	80	2159	16	10134	140	Carl(a)	Carl(a)	0				0			16910	4227	100	9215	4	10134	6896	16910	4227	100	9215	4	10134	6896	3	17570	17030	399,21	370,05
Recording067	ProVisioNET_study_111_03	Female	Novice	snapshot_students	18	snapshot_students	Bianca	0	0	0	0	0	0	0	0	0	0	0	0	0	0	0	0	0	0	0	0	0	0	0	0	0	0	0	0	0	0	0	0	0	0	0	0	0	0	0	0	0	1	0	0	0	1	1	1																																										4931				31128	6689	1128	9974	399	60	1319	25	0	340	Carl(a)	Carl(a)	0				0			16050	2006	120	10254	8	0	540	16050	2006	120	10254	8	0	540	7	6116	540	413,76	471,16
Recording067	ProVisioNET_study_111_03	Female	Novice	snapshot_students	18	snapshot_students	Carl(a)	0	0	0	0	0	0	0	0	0	0	0	0	0	0	0	0	0	0	0	0	0	0	0	0	0	0	0	0	0	0	0	0	0	0	0	0	0	0	0	0	0	1	0	0	0	1	1	1																																										4931				31128	6689	1128	4437	370	80	899	12	580	500	Carl(a)	Carl(a)	899	899	899	899	1	1599	899	5817	1163	220	2898	5	580	2898	5857	1171	220	2898	5	580	2898	5	540	6116	471,16	413,76
Recording067	ProVisioNET_study_111_03	Female	Novice	snapshot_students	19	snapshot_students	Anna	0	0	0	0	0	0	0	0	0	0	0	0	0	0	0	0	0	0	0	0	0	0	0	0	0	0	0	0	0	0	0	0	0	0	0	0	0	0	0	0	0	0	0	0	0	0	0	0																																																	3638	520	260	800	7	3258	480	Carl(a)	Carl(a)	0				0			3658	610	260	1559	6	3258	480	3658	610	260	1559	6	3258	480	1	3218	5097	666,72	440,5
Recording067	ProVisioNET_study_111_03	Female	Novice	snapshot_students	19	snapshot_students	Bianca	0	0	0	0	0	0	0	0	0	0	0	0	0	0	0	0	0	0	0	0	0	0	0	0	0	0	0	0	0	0	0	0	0	0	0	0	0	0	0	0	0	0	0	0	0	0	0	0																																																	4437	444	160	899	10	2638	160	Carl(a)	Carl(a)	0				0			4457	495	240	899	9	2638	580	4457	495	240	899	9	2638	580	1	5097	3218	440,5	666,72
Recording067	ProVisioNET_study_111_03	Female	Novice	snapshot_students	19	snapshot_students	Carl(a)	0	0	0	0	0	0	0	0	0	0	0	0	0	0	0	0	0	0	0	0	0	0	0	0	0	0	0	0	0	0	0	0	0	0	0	0	0	0	0	0	0	0	0	0	0	0	0	0																																																	1659	415	280	540	4	0	520	Carl(a)	Carl(a)	0				0			1659	415	280	540	4	0	520	1659	415	280	540	4	0	520	0		520		402,6
Recording067	ProVisioNET_study_111_03	Female	Novice	snapshot_students	20	snapshot_students	Anna	0	0	0	0	0	0	0	0	0	0	0	1	1	0	0	0	0	0	0	0	0	0	0	0	0	0	0	0	0	0	0	0	0	0	1	0	0	0	0	0	0	0	0	0	0	0	0	0												17045	1442																						13777														320	320	320	320	1	12732	320	Carl(a)	Carl(a)	0				0			320	320	320	320	1	12732	320	320	320	320	320	1	12732	320	0	12712	13052	399,58	330,84
Recording067	ProVisioNET_study_111_03	Female	Novice	snapshot_students	20	snapshot_students	Bianca	0	0	0	0	0	0	0	0	0	0	0	1	1	0	0	0	0	0	0	0	0	0	0	0	0	0	0	0	0	0	0	0	0	0	1	0	0	0	0	0	0	0	0	0	0	0	0	0												17045	1442																						13777														4977	452	140	859	11	0	760	Carl(a)	Carl(a)	0				0			6756	3378	760	5996	2	0	760	6756	3378	760	5996	2	0	760	6	13052		330,84	
Recording067	ProVisioNET_study_111_03	Female	Novice	snapshot_students	20	snapshot_students	Carl(a)	0	0	0	0	0	0	0	0	0	0	0	1	1	0	0	0	0	0	0	0	0	0	0	0	0	0	0	0	0	0	0	0	0	0	1	0	0	0	0	0	0	0	0	0	0	0	0	0												17045	1442																						13777														6856	571	80	1439	12	1279	240	Carl(a)	Carl(a)	0				0			9814	4907	2638	7176	2	1279	7176	9814	4907	2638	7176	2	1279	7176	3	1239		298,84	
Recording067	ProVisioNET_study_111_03	Female	Novice	snapshot_students	21	snapshot_students	Anna	0	0	0	0	0	0	0	0	0	0	0	0	0	0	0	0	0	0	0	0	0	0	0	0	0	0	0	0	0	0	0	0	0	0	0	0	0	0	0	0	0	0	0	0	0	0	0	0																																																	7635	764	80	2598	10	460	540	Anna	Anna	0				0			10754	5377	540	10214	2	460	540	10754	5377	540	10214	2	460	540	6	420		524,16	
Recording067	ProVisioNET_study_111_03	Female	Novice	snapshot_students	21	snapshot_students	Bianca	0	0	0	0	0	0	0	0	0	0	0	0	0	0	0	0	0	0	0	0	0	0	0	0	0	0	0	0	0	0	0	0	0	0	0	0	0	0	0	0	0	0	0	0	0	0	0	0																																																	999	333	160	420	3	0	420	Anna	Anna	0				0			1299	650	420	879	2	0	420	1299	650	420	879	2	0	420	2		420		524,16
Recording067	ProVisioNET_study_111_03	Female	Novice	snapshot_students	21	snapshot_students	Carl(a)	0	0	0	0	0	0	0	0	0	0	0	0	0	0	0	0	0	0	0	0	0	0	0	0	0	0	0	0	0	0	0	0	0	0	0	0	0	0	0	0	0	0	0	0	0	0	0	0																																																	0				0			Anna	Anna	0				0			0				0			0				0			0				
Recording067	ProVisioNET_study_111_03	Female	Novice	snapshot_students	22	snapshot_students	Anna	0	0	0	0	0	0	0	0	0	0	0	0	0	0	0	0	0	0	0	0	0	0	0	0	0	0	0	0	0	0	0	0	0	0	0	0	0	0	0	0	0	0	0	0	0	0	0	0																																																	1239	310	140	560	4	2099	560	Carl(a)	Carl(a)	0				0			1599	533	140	899	3	2099	560	1599	533	140	899	3	2099	560	2		2658		383,34
Recording067	ProVisioNET_study_111_03	Female	Novice	snapshot_students	22	snapshot_students	Bianca	0	0	0	0	0	0	0	0	0	0	0	0	0	0	0	0	0	0	0	0	0	0	0	0	0	0	0	0	0	0	0	0	0	0	0	0	0	0	0	0	0	0	0	0	0	0	0	0																																																	7795	487	80	2439	16	999	939	Carl(a)	Carl(a)	0				0			11633	1662	440	6176	7	999	939	11633	1662	440	6176	7	999	939	3	959		263,13	
Recording067	ProVisioNET_study_111_03	Female	Novice	snapshot_students	22	snapshot_students	Carl(a)	0	0	0	0	0	0	0	0	0	0	0	0	0	0	0	0	0	0	0	0	0	0	0	0	0	0	0	0	0	0	0	0	0	0	0	0	0	0	0	0	0	0	0	0	0	0	0	0																																																	3898	300	100	540	13	0	260	Carl(a)	Carl(a)	0				0			5657	943	160	4357	6	0	260	5657	943	160	4357	6	0	260	4		260		324,07
Recording067	ProVisioNET_study_111_03	Female	Novice	snapshot_students	23	snapshot_students	Anna	0	0	0	0	0	0	0	0	0	0	0	0	0	1	1	0	0	0	0	0	0	0	0	0	0	0	0	0	0	0	0	0	0	0	0	1	0	0	0	0	0	0	0	0	0	0	0	0														20997	4350																					1419													4857	486	80	1779	10	29942	360	Bianca	Bianca	0				0			6916	1729	160	3678	4	29942	2758	6916	1729	160	3678	4	29942	2758	6	42435		122,45	
Recording067	ProVisioNET_study_111_03	Female	Novice	snapshot_students	23	snapshot_students	Bianca	0	0	0	0	0	0	0	0	0	0	0	0	0	1	1	0	0	0	0	0	0	0	0	0	0	0	0	0	0	0	0	0	0	0	0	1	0	0	0	0	0	0	0	0	0	0	0	0														20997	4350																					1419													6676	514	80	2898	13	160	200	Bianca	Bianca	0				0			9834	1405	160	6036	7	160	200	9834	1405	160	6036	7	160	200	5	100	360	431,29	733,61
Recording067	ProVisioNET_study_111_03	Female	Novice	snapshot_students	23	snapshot_students	Carl(a)	0	0	0	0	0	0	0	0	0	0	0	0	0	1	1	0	0	0	0	0	0	0	0	0	0	0	0	0	0	0	0	0	0	0	0	1	0	0	0	0	0	0	0	0	0	0	0	0														20997	4350																					1419													16870	602	80	2059	28	0	100	Bianca	Bianca	0				0			26664	4444	80	15291	6	0	100	26664	4444	80	15291	6	0	100	7	1539	100	180,56	431,29
Recording067	ProVisioNET_study_111_03	Female	Novice	snapshot_students	24	snapshot_students	Anna	0	0	0	0	0	0	0	0	0	0	0	0	0	0	0	0	0	0	0	0	0	0	0	0	0	0	0	0	0	0	0	0	1	0	0	0	0	0	0	0	0	0	0	0	0	0	0	0																																	3522																1259	420	380	460	3	740	460	Bianca	Bianca	0				0			1259	420	380	460	3	740	460	1259	420	380	460	3	740	460	0	1499	1199	244,14	340
Recording067	ProVisioNET_study_111_03	Female	Novice	snapshot_students	24	snapshot_students	Bianca	0	0	0	0	0	0	0	0	0	0	0	0	0	0	0	0	0	0	0	0	0	0	0	0	0	0	0	0	0	0	0	0	1	0	0	0	0	0	0	0	0	0	0	0	0	0	0	0																																	3522																3438	313	80	1679	11	300	260	Bianca	Bianca	0				0			7755	1939	120	7096	4	300	260	7755	1939	120	7096	4	300	260	5	260	1499	440,58	244,14
Recording067	ProVisioNET_study_111_03	Female	Novice	snapshot_students	24	snapshot_students	Carl(a)	0	0	0	0	0	0	0	0	0	0	0	0	0	0	0	0	0	0	0	0	0	0	0	0	0	0	0	0	0	0	0	0	1	0	0	0	0	0	0	0	0	0	0	0	0	0	0	0																																	3522																260	260	260	260	1	0	260	Bianca	Bianca	0				0			260	260	260	260	1	0	260	260	260	260	260	1	0	260	0		260		440,58
Recording067	ProVisioNET_study_111_03	Female	Novice	snapshot_students	25	snapshot_students	Anna	0	0	0	0	0	0	0	0	0	0	0	0	0	0	0	0	0	0	0	0	0	0	0	0	0	0	0	0	0	0	0	0	0	0	0	0	0	0	0	0	0	0	0	0	0	0	0	0																																																	220	220	220	220	1	360	220	Carl(a)	Carl(a)	0				0			220	220	220	220	1	360	220	220	220	220	220	1	360	220	0		580		367,85
Recording067	ProVisioNET_study_111_03	Female	Novice	snapshot_students	25	snapshot_students	Bianca	0	0	0	0	0	0	0	0	0	0	0	0	0	0	0	0	0	0	0	0	0	0	0	0	0	0	0	0	0	0	0	0	0	0	0	0	0	0	0	0	0	0	0	0	0	0	0	0																																																	4357	622	140	2099	7	0	180	Carl(a)	Carl(a)	0				0			7755	2585	180	4118	3	0	180	7755	2585	180	4118	3	0	180	4	580		367,85	
Recording067	ProVisioNET_study_111_03	Female	Novice	snapshot_students	25	snapshot_students	Carl(a)	0	0	0	0	0	0	0	0	0	0	0	0	0	0	0	0	0	0	0	0	0	0	0	0	0	0	0	0	0	0	0	0	0	0	0	0	0	0	0	0	0	0	0	0	0	0	0	0																																																	1839	306	80	560	6	5137	360	Carl(a)	Carl(a)	0				0			3178	1589	360	2818	2	5137	360	3178	1589	360	2818	2	5137	360	2				
Recording067	ProVisioNET_study_111_03	Female	Novice	snapshot_students	26	snapshot_students	Anna	0	0	0	0	0	0	0	0	0	0	0	0	0	0	0	0	0	0	0	0	0	0	0	0	0	0	0	0	0	0	0	0	0	0	0	0	0	0	0	0	0	0	0	0	0	0	0	0																																																	4377	365	100	760	12	0	680	Anna	Anna	0				0			6776	1129	340	3478	6	0	999	6776	1129	340	3478	6	0	999	2	12552	999	414,32	402,93
Recording067	ProVisioNET_study_111_03	Female	Novice	snapshot_students	26	snapshot_students	Bianca	0	0	0	0	0	0	0	0	0	0	0	0	0	0	0	0	0	0	0	0	0	0	0	0	0	0	0	0	0	0	0	0	0	0	0	0	0	0	0	0	0	0	0	0	0	0	0	0																																																	5117	640	80	1539	8	1059	240	Anna	Anna	0				0			8335	2084	240	5817	4	1059	240	8335	2084	240	5817	4	1059	240	2	999	12552	402,93	414,32
Recording067	ProVisioNET_study_111_03	Female	Novice	snapshot_students	26	snapshot_students	Carl(a)	0	0	0	0	0	0	0	0	0	0	0	0	0	0	0	0	0	0	0	0	0	0	0	0	0	0	0	0	0	0	0	0	0	0	0	0	0	0	0	0	0	0	0	0	0	0	0	0																																																	1579	1579	1579	1579	1	13652	1579	Anna	Anna	0				0			1579	1579	1579	1579	1	13652	1579	1579	1579	1579	1579	1	13652	1579	0				
Recording067	ProVisioNET_study_111_03	Female	Novice	snapshot_students	27	snapshot_students	Anna	0	0	0	0	0	0	0	1	1	1	0	0	0	0	0	0	0	0	0	0	0	0	0	0	0	0	0	0	0	0	0	0	0	1	0	0	0	0	0	0	0	0	0	0	0	0	0	0								37411	10552	7411																								9417															5097	425	80	2299	12	5996	200	Bianca	Bianca	0				0			8115	902	80	2299	9	5996	200	8115	902	80	2299	9	5996	200	2	5936	24405	380,95	397,71
Recording067	ProVisioNET_study_111_03	Female	Novice	snapshot_students	27	snapshot_students	Bianca	0	0	0	0	0	0	0	1	1	1	0	0	0	0	0	0	0	0	0	0	0	0	0	0	0	0	0	0	0	0	0	0	0	1	0	0	0	0	0	0	0	0	0	0	0	0	0	0								37411	10552	7411																								9417															15231	725	80	3578	21	0	200	Bianca	Bianca	0				0			24465	2224	80	13632	11	0	5936	24465	2224	80	13632	11	0	5936	7	20248	5936	710,03	380,95
Recording067	ProVisioNET_study_111_03	Female	Novice	snapshot_students	27	snapshot_students	Carl(a)	0	0	0	0	0	0	0	1	1	1	0	0	0	0	0	0	0	0	0	0	0	0	0	0	0	0	0	0	0	0	0	0	0	1	0	0	0	0	0	0	0	0	0	0	0	0	0	0								37411	10552	7411																								9417															500	167	80	280	3	22766	280	Bianca	Bianca	0				0			500	167	80	280	3	22766	280	500	167	80	280	3	22766	280	0	25085		140,91	
Recording067	ProVisioNET_study_111_03	Female	Novice	snapshot_students	28	snapshot_students	Anna	0	0	0	0	0	0	0	0	0	0	0	0	0	0	0	0	0	0	0	0	0	0	0	0	0	0	0	0	0	0	0	0	0	0	0	0	0	0	0	0	0	0	0	0	0	0	0	0																																																	820	410	300	520	2	2439	520	Bianca	Bianca	0				0			820	410	300	520	2	2439	520	820	410	300	520	2	2439	520	0	2419	2958	296,74	410,19
Recording067	ProVisioNET_study_111_03	Female	Novice	snapshot_students	28	snapshot_students	Bianca	0	0	0	0	0	0	0	0	0	0	0	0	0	0	0	0	0	0	0	0	0	0	0	0	0	0	0	0	0	0	0	0	0	0	0	0	0	0	0	0	0	0	0	0	0	0	0	0																																																	1179	295	120	520	4	0	360	Bianca	Bianca	0				0			1179	295	120	520	4	0	360	1179	295	120	520	4	0	360	0	1619	360	519,75	529,29
Recording067	ProVisioNET_study_111_03	Female	Novice	snapshot_students	28	snapshot_students	Carl(a)	0	0	0	0	0	0	0	0	0	0	0	0	0	0	0	0	0	0	0	0	0	0	0	0	0	0	0	0	0	0	0	0	0	0	0	0	0	0	0	0	0	0	0	0	0	0	0	0																																																	939	470	360	580	2	420	360	Bianca	Bianca	0				0			1199	1199	1199	1199	1	420	1199	1199	1199	1199	1199	1	420	1199	2	360	1619	529,29	519,75
Recording067	ProVisioNET_study_111_03	Female	Novice	snapshot_students	29	snapshot_students	Anna	0	0	0	0	0	0	0	0	0	0	0	0	0	0	0	0	0	0	0	0	0	0	0	0	0	0	0	0	0	0	0	0	0	0	0	0	0	0	0	0	0	0	0	0	0	0	0	0																																																	0				0			Carl(a)	Carl(a)	0				0			0				0			0				0			0				
Recording067	ProVisioNET_study_111_03	Female	Novice	snapshot_students	29	snapshot_students	Bianca	0	0	0	0	0	0	0	0	0	0	0	0	0	0	0	0	0	0	0	0	0	0	0	0	0	0	0	0	0	0	0	0	0	0	0	0	0	0	0	0	0	0	0	0	0	0	0	0																																																	0				0			Carl(a)	Carl(a)	0				0			0				0			0				0			0				
Recording067	ProVisioNET_study_111_03	Female	Novice	snapshot_students	29	snapshot_students	Carl(a)	0	0	0	0	0	0	0	0	0	0	0	0	0	0	0	0	0	0	0	0	0	0	0	0	0	0	0	0	0	0	0	0	0	0	0	0	0	0	0	0	0	0	0	0	0	0	0	0																																																	1239	620	260	979	2	120	260	Carl(a)	Carl(a)	0				0			1499	1499	1499	1499	1	120	1499	1499	1499	1499	1499	1	120	1499	2	100		122,69	
Recording067	ProVisioNET_study_111_03	Female	Novice	snapshot_students	30	snapshot_students	Anna	0	0	0	0	0	0	0	0	0	0	0	0	0	0	0	0	0	0	0	0	0	0	0	0	0	0	0	0	0	0	0	0	0	0	0	0	0	0	0	0	0	0	0	0	0	0	0	0																																																	700	175	100	320	4	0	320	Anna	Anna	0				0			859	430	320	540	2	0	320	859	430	320	540	2	0	320	0		320		427,5
Recording067	ProVisioNET_study_111_03	Female	Novice	snapshot_students	30	snapshot_students	Bianca	0	0	0	0	0	0	0	0	0	0	0	0	0	0	0	0	0	0	0	0	0	0	0	0	0	0	0	0	0	0	0	0	0	0	0	0	0	0	0	0	0	0	0	0	0	0	0	0																																																	340	340	340	340	1	360	340	Anna	Anna	0				0			340	340	340	340	1	360	340	340	340	340	340	1	360	340	0	320		427,5	
Recording067	ProVisioNET_study_111_03	Female	Novice	snapshot_students	30	snapshot_students	Carl(a)	0	0	0	0	0	0	0	0	0	0	0	0	0	0	0	0	0	0	0	0	0	0	0	0	0	0	0	0	0	0	0	0	0	0	0	0	0	0	0	0	0	0	0	0	0	0	0	0																																																	0				0			Anna	Anna	0				0			0				0			0				0			0				
Recording067	ProVisioNET_study_111_03	Female	Novice	snapshot_students	31	snapshot_students	Anna	0	0	0	0	0	0	0	0	0	0	0	0	0	0	0	0	0	0	0	0	0	0	0	0	0	0	0	0	0	0	0	0	0	0	0	0	0	0	0	0	0	0	0	0	0	0	0	0																																																	0				0			Carl(a)	Carl(a)	0				0			0				0			0				0			0				
Recording067	ProVisioNET_study_111_03	Female	Novice	snapshot_students	31	snapshot_students	Bianca	0	0	0	0	0	0	0	0	0	0	0	0	0	0	0	0	0	0	0	0	0	0	0	0	0	0	0	0	0	0	0	0	0	0	0	0	0	0	0	0	0	0	0	0	0	0	0	0																																																	480	480	480	480	1	859	480	Carl(a)	Carl(a)	0				0			480	480	480	480	1	859	480	480	480	480	480	1	859	480	0	780	1339	521,52	522,97
Recording067	ProVisioNET_study_111_03	Female	Novice	snapshot_students	31	snapshot_students	Carl(a)	0	0	0	0	0	0	0	0	0	0	0	0	0	0	0	0	0	0	0	0	0	0	0	0	0	0	0	0	0	0	0	0	0	0	0	0	0	0	0	0	0	0	0	0	0	0	0	0																																																	2099	525	100	780	4	0	780	Carl(a)	Carl(a)	0				0			3098	1549	780	2319	2	0	780	3098	1549	780	2319	2	0	780	2	1339	780	522,97	521,52
Recording067	ProVisioNET_study_111_03	Female	Novice	snapshot_students	32	snapshot_students	Anna	0	0	0	0	0	0	0	0	0	0	0	0	0	0	0	0	0	0	0	0	0	0	0	0	0	0	0	0	0	0	0	0	0	0	0	0	0	0	0	0	0	0	0	0	0	0	0	0																																																	160	160	160	160	1	0	160	Carl(a)	Carl(a)	0				0			160	160	160	160	1	0	160	160	160	160	160	1	0	160	0				
Recording067	ProVisioNET_study_111_03	Female	Novice	snapshot_students	32	snapshot_students	Bianca	0	0	0	0	0	0	0	0	0	0	0	0	0	0	0	0	0	0	0	0	0	0	0	0	0	0	0	0	0	0	0	0	0	0	0	0	0	0	0	0	0	0	0	0	0	0	0	0																																																	2998	999	420	1779	3	4257	800	Carl(a)	Carl(a)	0				0			3818	1909	1779	2039	2	4257	2039	3818	1909	1779	2039	2	4257	2039	2	4237		162,95	
Recording067	ProVisioNET_study_111_03	Female	Novice	snapshot_students	32	snapshot_students	Carl(a)	0	0	0	0	0	0	0	0	0	0	0	0	0	0	0	0	0	0	0	0	0	0	0	0	0	0	0	0	0	0	0	0	0	0	0	0	0	0	0	0	0	0	0	0	0	0	0	0																																																	740	370	320	420	2	7396	320	Carl(a)	Carl(a)	0				0			740	370	320	420	2	7396	320	740	370	320	420	2	7396	320	0				
Recording067	ProVisioNET_study_111_03	Female	Novice	snapshot_students	33	snapshot_students	Anna	0	0	0	0	0	0	0	0	0	0	0	0	0	0	0	0	0	0	0	0	0	0	0	0	0	0	0	0	0	0	0	0	0	0	0	0	0	0	0	0	0	0	0	0	0	0	0	0																																																	899	899	899	899	1	3678	899	Carl(a)	Carl(a)	0				0			899	899	899	899	1	3678	899	899	899	899	899	1	3678	899	0		4577		361,56
Recording067	ProVisioNET_study_111_03	Female	Novice	snapshot_students	33	snapshot_students	Bianca	0	0	0	0	0	0	0	0	0	0	0	0	0	0	0	0	0	0	0	0	0	0	0	0	0	0	0	0	0	0	0	0	0	0	0	0	0	0	0	0	0	0	0	0	0	0	0	0																																																	2478	413	120	1119	6	40	600	Carl(a)	Carl(a)	0				0			3518	1173	600	1639	3	40	600	3598	1199	640	1639	3	0	640	3	4577		361,56	
Recording067	ProVisioNET_study_111_03	Female	Novice	snapshot_students	33	snapshot_students	Carl(a)	0	0	0	0	0	0	0	0	0	0	0	0	0	0	0	0	0	0	0	0	0	0	0	0	0	0	0	0	0	0	0	0	0	0	0	0	0	0	0	0	0	0	0	0	0	0	0	0																																																	1559	312	80	840	5	1319	80	Carl(a)	Carl(a)	0				0			3658	1829	480	3178	2	1319	480	3658	1829	480	3178	2	1319	480	5				
Recording067	ProVisioNET_study_111_03	Female	Novice	snapshot_students	34	snapshot_students	Anna	0	0	0	0	0	0	0	0	0	0	0	0	0	0	0	0	0	0	0	0	0	0	0	0	0	0	0	0	0	0	0	0	0	0	0	0	0	0	0	0	0	0	0	0	0	0	0	0																																																	1839	263	80	480	7	40	280	Anna	Anna	0				0			3418	684	80	2698	5	40	280	3458	692	80	2698	5	0	320	0				
Recording067	ProVisioNET_study_111_03	Female	Novice	snapshot_students	34	snapshot_students	Bianca	0	0	0	0	0	0	0	0	0	0	0	0	0	0	0	0	0	0	0	0	0	0	0	0	0	0	0	0	0	0	0	0	0	0	0	0	0	0	0	0	0	0	0	0	0	0	0	0																																																	1799	600	140	1339	3	1639	1339	Anna	Anna	0				0			1799	600	140	1339	3	1639	1339	1839	613	140	1379	3	1599	1379	0				
Recording067	ProVisioNET_study_111_03	Female	Novice	snapshot_students	34	snapshot_students	Carl(a)	0	0	0	0	0	0	0	0	0	0	0	0	0	0	0	0	0	0	0	0	0	0	0	0	0	0	0	0	0	0	0	0	0	0	0	0	0	0	0	0	0	0	0	0	0	0	0	0																																																	240	240	240	240	1	8115	240	Anna	Anna	0				0			240	240	240	240	1	8115	240	240	240	240	240	1	8115	240	0				
Recording067	ProVisioNET_study_111_03	Female	Novice	Entire Recording	1	fullstream	Anna	0	1	1	1	1	1	1	1	1	1	1	1	1	1	1	1	1	1	1	1	1	1	1	1	1	1	1	0	0	0	1	1	1	1	1	1	1	1	1	0	1	1	1	1	1	1	1	1		508053	490687	478053	1687856	1666272	1657856	1444414	1417555	1414414	1174962	1160565	1144962	1264418	1247770	1234418	994802	968971	964802	813519	787105	783519	904710	878994	874710	1601619	492875				1355476	1355593	1325476	1416419	1157297	1244840	967666	785822	881697		694999	1065040	724123	695771	694123	1091238	1066799	1061238	115492	500	80	3978	231	508775	220	Classroom_Others		0				0			139417	968	80	9215	144	508775	460	146453	1017	100	9274	144	508735	500	43	508735	513832	447,45	186,07
Recording067	ProVisioNET_study_111_03	Female	Novice	Entire Recording	1	fullstream	Bianca	0	1	1	1	1	1	1	1	1	1	1	1	1	1	1	1	1	1	1	1	1	1	1	1	1	1	1	0	0	0	1	1	1	1	1	1	1	1	1	0	1	1	1	1	1	1	1	1		508053	490687	478053	1687856	1666272	1657856	1444414	1417555	1414414	1174962	1160565	1144962	1264418	1247770	1234418	994802	968971	964802	813519	787105	783519	904710	878994	874710	1601619	492875				1355476	1355593	1325476	1416419	1157297	1244840	967666	785822	881697		694999	1065040	724123	695771	694123	1091238	1066799	1061238	145214	530	60	4617	274	520668	180	Classroom_Others		0				0			161384	863	80	5117	187	520668	180	171138	915	120	5177	187	520648	200	41	557646	520848	262,45	199,21
Recording067	ProVisioNET_study_111_03	Female	Novice	Entire Recording	1	fullstream	Board_Screen	0	1	1	1	1	1	1	1	1	1	1	1	1	1	1	1	1	1	1	1	1	1	1	1	1	1	1	0	0	0	1	1	1	1	1	1	1	1	1	0	1	1	1	1	1	1	1	1		508053	490687	478053	1687856	1666272	1657856	1444414	1417555	1414414	1174962	1160565	1144962	1264418	1247770	1234418	994802	968971	964802	813519	787105	783519	904710	878994	874710	1601619	492875				1355476	1355593	1325476	1416419	1157297	1244840	967666	785822	881697		694999	1065040	724123	695771	694123	1091238	1066799	1061238	184310	614	80	6996	300	507296	100	Classroom_Others		0				0			198822	2093	80	12393	95	507296	899	202839	2135	100	12433	95	507296	899	146	916615	915076	219,74	122,83
Recording067	ProVisioNET_study_111_03	Female	Novice	Entire Recording	1	fullstream	Carl(a)	0	1	1	1	1	1	1	1	1	1	1	1	1	1	1	1	1	1	1	1	1	1	1	1	1	1	1	0	0	0	1	1	1	1	1	1	1	1	1	0	1	1	1	1	1	1	1	1		508053	490687	478053	1687856	1666272	1657856	1444414	1417555	1414414	1174962	1160565	1144962	1264418	1247770	1234418	994802	968971	964802	813519	787105	783519	904710	878994	874710	1601619	492875				1355476	1355593	1325476	1416419	1157297	1244840	967666	785822	881697		694999	1065040	724123	695771	694123	1091238	1066799	1061238	87408	453	80	3378	193	511853	140	Classroom_Others		899	899	899	899	1	1061709	899	102619	892	80	6196	115	511853	400	107676	936	100	6196	115	511753	500	31	567740	568000	371,96	515,29
Recording067	ProVisioNET_study_111_03	Female	Novice	Entire Recording	1	fullstream	Classroom_Others	0	1	1	1	1	1	1	1	1	1	1	1	1	1	1	1	1	1	1	1	1	1	1	1	1	1	1	0	0	0	1	1	1	1	1	1	1	1	1	0	1	1	1	1	1	1	1	1		508053	490687	478053	1687856	1666272	1657856	1444414	1417555	1414414	1174962	1160565	1144962	1264418	1247770	1234418	994802	968971	964802	813519	787105	783519	904710	878994	874710	1601619	492875				1355476	1355593	1325476	1416419	1157297	1244840	967666	785822	881697		694999	1065040	724123	695771	694123	1091238	1066799	1061238	61683	253	80	2818	244	493024	140	Classroom_Others		0				0			93085	564	80	13352	165	493024	13352	99761	605	80	13352	165	493024	13352	29	514831	508735	100,96	447,45
Recording067	ProVisioNET_study_111_03	Female	Novice	Entire Recording	1	fullstream	Disruptive_Person	0	1	1	1	1	1	1	1	1	1	1	1	1	1	1	1	1	1	1	1	1	1	1	1	1	1	1	0	0	0	1	1	1	1	1	1	1	1	1	0	1	1	1	1	1	1	1	1		508053	490687	478053	1687856	1666272	1657856	1444414	1417555	1414414	1174962	1160565	1144962	1264418	1247770	1234418	994802	968971	964802	813519	787105	783519	904710	878994	874710	1601619	492875				1355476	1355593	1325476	1416419	1157297	1244840	967666	785822	881697		694999	1065040	724123	695771	694123	1091238	1066799	1061238	23326	542	80	2199	43	694986	580	Classroom_Others		899	899	899	899	1	1061709	899	25985	1181	220	3818	22	694986	580	26824	1219	300	3878	22	694986	580	11	784253	784013	374,67	386,75
Recording067	ProVisioNET_study_111_03	Female	Novice	Entire Recording	1	fullstream	Material_Students	0	1	1	1	1	1	1	1	1	1	1	1	1	1	1	1	1	1	1	1	1	1	1	1	1	1	1	0	0	0	1	1	1	1	1	1	1	1	1	0	1	1	1	1	1	1	1	1		508053	490687	478053	1687856	1666272	1657856	1444414	1417555	1414414	1174962	1160565	1144962	1264418	1247770	1234418	994802	968971	964802	813519	787105	783519	904710	878994	874710	1601619	492875				1355476	1355593	1325476	1416419	1157297	1244840	967666	785822	881697		694999	1065040	724123	695771	694123	1091238	1066799	1061238	45573	543	80	2399	84	513852	979	Classroom_Others		0				0			50390	2016	100	15031	25	513852	979	51190	2048	160	15051	25	513832	999	42	513832	514831	186,07	100,96
Recording067	ProVisioNET_study_111_03	Female	Novice	Entire Recording	1	fullstream	Material_Teacher	0	1	1	1	1	1	1	1	1	1	1	1	1	1	1	1	1	1	1	1	1	1	1	1	1	1	1	0	0	0	1	1	1	1	1	1	1	1	1	0	1	1	1	1	1	1	1	1		508053	490687	478053	1687856	1666272	1657856	1444414	1417555	1414414	1174962	1160565	1144962	1264418	1247770	1234418	994802	968971	964802	813519	787105	783519	904710	878994	874710	1601619	492875				1355476	1355593	1325476	1416419	1157297	1244840	967666	785822	881697		694999	1065040	724123	695771	694123	1091238	1066799	1061238	110674	490	80	2758	226	509854	340	Classroom_Others		0				0			121787	1997	80	17250	61	509854	340	124086	2034	100	17270	61	509834	360	124	669441	875159	500,44	455,5
Recording067	ProVisioNET_study_111_03	Female	Novice	Entire Recording	1	fullstream	Nametag_Anna	0	1	1	1	1	1	1	1	1	1	1	1	1	1	1	1	1	1	1	1	1	1	1	1	1	1	1	0	0	0	1	1	1	1	1	1	1	1	1	0	1	1	1	1	1	1	1	1		508053	490687	478053	1687856	1666272	1657856	1444414	1417555	1414414	1174962	1160565	1144962	1264418	1247770	1234418	994802	968971	964802	813519	787105	783519	904710	878994	874710	1601619	492875				1355476	1355593	1325476	1416419	1157297	1244840	967666	785822	881697		694999	1065040	724123	695771	694123	1091238	1066799	1061238	3978	306	160	460	13	593645	160	Classroom_Others		0				0			3978	306	160	460	13	593645	160	4537	349	180	500	13	593625	180	0	795147	853292	211,46	351,27
Recording067	ProVisioNET_study_111_03	Female	Novice	Entire Recording	1	fullstream	Nametag_Bianca	0	1	1	1	1	1	1	1	1	1	1	1	1	1	1	1	1	1	1	1	1	1	1	1	1	1	1	0	0	0	1	1	1	1	1	1	1	1	1	0	1	1	1	1	1	1	1	1		508053	490687	478053	1687856	1666272	1657856	1444414	1417555	1414414	1174962	1160565	1144962	1264418	1247770	1234418	994802	968971	964802	813519	787105	783519	904710	878994	874710	1601619	492875				1355476	1355593	1325476	1416419	1157297	1244840	967666	785822	881697		694999	1065040	724123	695771	694123	1091238	1066799	1061238	3038	304	80	600	10	641137	600	Classroom_Others		0				0			3238	405	80	660	8	641137	600	3498	437	80	700	8	641097	640	1	641097	830546	290,65	531,22
Recording067	ProVisioNET_study_111_03	Female	Novice	Entire Recording	1	fullstream	Nametag_Carl(a)	0	1	1	1	1	1	1	1	1	1	1	1	1	1	1	1	1	1	1	1	1	1	1	1	1	1	1	0	0	0	1	1	1	1	1	1	1	1	1	0	1	1	1	1	1	1	1	1		508053	490687	478053	1687856	1666272	1657856	1444414	1417555	1414414	1174962	1160565	1144962	1264418	1247770	1234418	994802	968971	964802	813519	787105	783519	904710	878994	874710	1601619	492875				1355476	1355593	1325476	1416419	1157297	1244840	967666	785822	881697		694999	1065040	724123	695771	694123	1091238	1066799	1061238	3078	220	80	400	14	613034	340	Classroom_Others		0				0			3078	220	80	400	14	613034	340	3658	261	80	440	14	612994	380	0	612994	848535	378,91	298,7
